	TAD1	TAD2	TAD3	TAD4	TAD5	TAD6	TAD7	TAD8	TAD9	TAD10	TAH1	TAH2	TAH3	TAH4	TAH5	TAH6	TAH7	TAH8	TAH9	TAH10	TABS1	TABS2	TABS3	TABS4	TABS5	TAE0BS1	TAE0BS2	TAE0BS3	TAE0BS4	TAE0BS5	TAE0D1	TAE0D4	TAE0D5	TAE0D7	TAE0D9	TAE0H6	TAE0H7	TAE0H8	TAE0H9	TAE0H10
TAD1	0.0	0.663710720753	0.654863734686	0.614509428281	0.642002550803	0.638849108521	0.586876761262	0.629222895982	0.581721624235	0.586008814672	0.729663269893	0.903543326671	0.817926200399	0.729391402502	0.914572554383	0.812442608518	0.835846252938	0.868685367027	0.904630567	0.647784279682	0.895785199678	0.91052423346	0.904257626593	0.916547579442	0.900200292589	0.893534448725	0.913686065149	0.907415787656	0.918413580385	0.898465091514	0.0822526529284	0.607903546563	0.637683986361	0.582486572386	0.583594278055	0.809764173657	0.830353080622	0.872245733899	0.904494976799	0.65896859843
TAD2	0.663710720753	0.0	0.456275985451	0.502021397656	0.631849491387	0.390318573722	0.514425634064	0.499678855565	0.377885818059	0.45792544381	0.782127447891	0.926259622158	0.831105078757	0.801158551659	0.928645388363	0.884184171082	0.890426877383	0.884393211943	0.926638122313	0.734580938923	0.912317737651	0.925125378344	0.936590089953	0.92458342941	0.925277123027	0.911502592117	0.926071690966	0.935743973782	0.924391724581	0.927855002748	0.627518232044	0.507696592601	0.623049214929	0.521801390274	0.37673746484	0.878370811022	0.885321368719	0.885688299099	0.924974106028	0.743727464338
TAD3	0.654863734686	0.456275985451	0.0	0.518725758548	0.704089573724	0.510771955171	0.531166899635	0.358403992875	0.487873672733	0.504568036406	0.75402035895	0.907070905483	0.784850135902	0.761327547458	0.844325731359	0.822541937433	0.886681634524	0.829147281268	0.831200770062	0.680594458073	0.939156154923	0.914877548961	0.925003240239	0.928557294727	0.918543008374	0.937688191187	0.913139931575	0.926340632128	0.929595014948	0.917867767856	0.624440866338	0.503222509633	0.694774918823	0.544286540431	0.479057823572	0.817075851029	0.880135215161	0.827877768111	0.83294359427	0.689032135708
TAD4	0.614509428281	0.502021397656	0.518725758548	0.0	0.422138107924	0.539513783492	0.61311667299	0.502344462336	0.542116053899	0.429670965891	0.765808019365	0.912618074541	0.813088164272	0.796631520831	0.906811236133	0.822556101939	0.87353700866	0.844118479336	0.898141698854	0.722914187688	0.919349933392	0.925359071592	0.907021362852	0.924158152814	0.918554376934	0.91879924063	0.927136163728	0.909434579634	0.925277369119	0.918701518985	0.612512010671	0.0320968034198	0.416758546482	0.606124364905	0.546875660134	0.819977775009	0.86799770209	0.848931685151	0.898764774899	0.724568399308
TAD5	0.642002550803	0.631849491387	0.704089573724	0.422138107924	0.0	0.630708560206	0.73711494165	0.685793334805	0.611032345951	0.556261110073	0.809372301841	0.91869496927	0.841459504998	0.819833986136	0.918842204212	0.845783497899	0.881786581169	0.864863941237	0.918319832372	0.778042392937	0.898195616776	0.90230903663	0.896329499593	0.894764966586	0.902763766935	0.89868274203	0.90427482274	0.896651656144	0.896387441949	0.903084039833	0.652739158552	0.424099719636	0.0386241743956	0.728198688499	0.615535213958	0.841986932472	0.877261284699	0.868380387957	0.917937465371	0.782892110719
TAD6	0.638849108521	0.390318573722	0.510771955171	0.539513783492	0.630708560206	0.0	0.531595743437	0.60594514483	0.391849349491	0.469403167829	0.755200832165	0.906905183058	0.807317479156	0.763582510268	0.907174120053	0.855805204702	0.874306669132	0.836938656928	0.885560453417	0.660799364688	0.931676708262	0.92921934349	0.917703900426	0.927701610304	0.921223079149	0.930491463614	0.929397634838	0.918947734249	0.929977979138	0.917031688931	0.61682210267	0.534005479708	0.626880500215	0.529254259501	0.393684965449	0.852128087507	0.86873653955	0.840632804439	0.887533083055	0.670782565425
TAD7	0.586876761262	0.514425634064	0.531166899635	0.61311667299	0.73711494165	0.531595743437	0.0	0.387299468934	0.529362518311	0.587603874837	0.745273004472	0.915563830893	0.789577411796	0.754228656726	0.89755409997	0.813692679047	0.889541564374	0.888736075396	0.899329288557	0.695888644366	0.921675970544	0.936335490637	0.937008994834	0.944392954974	0.939635320622	0.920331795628	0.936145443774	0.938348436756	0.943880701805	0.939446100013	0.564782911583	0.605460306246	0.728485251681	0.024500549979	0.521553432809	0.811963733976	0.883201333593	0.891423753475	0.899833111134	0.702759306785
TAD8	0.629222895982	0.499678855565	0.358403992875	0.502344462336	0.685793334805	0.60594514483	0.387299468934	0.0	0.547260362667	0.645837275764	0.752297690498	0.921140411509	0.824140358346	0.797638687422	0.923939914622	0.846505136029	0.877972656338	0.900646180651	0.918179409078	0.707736858008	0.911511012671	0.9432466233	0.935037250256	0.942616394073	0.924674839868	0.909763821342	0.942009553852	0.93634511493	0.943758400782	0.923491453427	0.604789643586	0.491178844678	0.676827240086	0.394421592027	0.537608300789	0.839378290781	0.872016488626	0.901620143398	0.920797724625	0.716500701265
TAD9	0.581721624235	0.377885818059	0.487873672733	0.542116053899	0.611032345951	0.391849349491	0.529362518311	0.547260362667	0.0	0.432410192368	0.771395303886	0.910301887399	0.8245002841	0.785664520727	0.904095427557	0.85631825106	0.871729773346	0.859204340491	0.896397747659	0.705118243686	0.876216422176	0.900219566584	0.903785189903	0.908425265681	0.897971483676	0.874006361408	0.901923845939	0.905870918319	0.909428604856	0.897317504977	0.551791946251	0.53461254514	0.603929616809	0.52515884271	0.0289248991638	0.852311259639	0.864361601128	0.861730691212	0.894535246006	0.71237103365
TAD10	0.586008814672	0.45792544381	0.504568036406	0.429670965891	0.556261110073	0.469403167829	0.587603874837	0.645837275764	0.432410192368	0.0	0.723324616543	0.877589158944	0.773911039706	0.768161688279	0.867865306869	0.787441619636	0.858238496557	0.824863054776	0.853865927158	0.646032571168	0.916454429759	0.898430300931	0.907451842735	0.903372498921	0.900137256605	0.915671610052	0.899257592994	0.908755154987	0.903107900178	0.899000184452	0.563203291975	0.426099386407	0.548082093176	0.584235955321	0.436406883825	0.783292559843	0.852575430828	0.82573341306	0.853681996514	0.655762842559
TAH1	0.729663269893	0.782127447891	0.75402035895	0.765808019365	0.809372301841	0.755200832165	0.745273004472	0.752297690498	0.771395303886	0.723324616543	0.0	0.708492174347	0.842324845273	0.787511818511	0.872348711505	0.815414209928	0.696651368899	0.810415460306	0.890120087709	0.484779324806	0.832870103976	0.873370708147	0.828215896033	0.705966901562	0.841143433235	0.831771790602	0.874223436072	0.824919839866	0.708680338114	0.840497513142	0.724511934822	0.765049779133	0.798303037223	0.743718097322	0.770887421631	0.805740247108	0.671086863097	0.810600955518	0.889772832896	0.474321240254
TAH2	0.903543326671	0.926259622158	0.907070905483	0.912618074541	0.91869496927	0.906905183058	0.915563830893	0.921140411509	0.910301887399	0.877589158944	0.708492174347	0.0	0.858036354019	0.862446700716	0.856385970001	0.819181093068	0.790321954642	0.428506784323	0.830413278321	0.78394248362	0.881138192203	0.910575454504	0.898146708595	0.839838964471	0.888310392715	0.885519605404	0.910391448701	0.894184146808	0.838899530975	0.888661857449	0.898000064309	0.912380451606	0.913058390101	0.914865432404	0.91017576571	0.815913103593	0.78503115139	0.428987798831	0.816369630358	0.777815261293
TAH3	0.817926200399	0.831105078757	0.784850135902	0.813088164272	0.841459504998	0.807317479156	0.789577411796	0.824140358346	0.8245002841	0.773911039706	0.842324845273	0.858036354019	0.0	0.606066262163	0.763926949839	0.581281977623	0.920344795452	0.804905082286	0.797146011261	0.771647614589	0.96213274665	0.953106990759	0.953304596052	0.938586536984	0.956028349279	0.96178177505	0.952476542886	0.9546676547	0.936750812415	0.956026385837	0.817600547699	0.810651474227	0.839114940538	0.790898904812	0.825198170933	0.583262950868	0.914812731615	0.80648605855	0.796182716545	0.768932942705
TAH4	0.729391402502	0.801158551659	0.761327547458	0.796631520831	0.819833986136	0.763582510268	0.754228656726	0.797638687422	0.785664520727	0.768161688279	0.787511818511	0.862446700716	0.606066262163	0.0	0.724443986436	0.721465466059	0.886507412528	0.791917859298	0.741933488945	0.689521439566	0.932255569711	0.93039152536	0.918936203244	0.909967651738	0.930315898422	0.931193668567	0.930879315451	0.918327032417	0.908392799261	0.930101726744	0.728783207842	0.798103762133	0.812025127026	0.751404771343	0.786220706913	0.71731119399	0.88104510948	0.793196448707	0.742221517379	0.689759419591
TAH5	0.914572554383	0.928645388363	0.844325731359	0.906811236133	0.918842204212	0.907174120053	0.89755409997	0.923939914622	0.904095427557	0.867865306869	0.872348711505	0.856385970001	0.763926949839	0.724443986436	0.0	0.6529544772	0.945797268257	0.812989068436	0.417998139775	0.773553235869	0.900512420115	0.88287903639	0.875126262951	0.836186457644	0.895689021298	0.898477193562	0.880177990273	0.870416534762	0.836629414622	0.89391198697	0.916774201533	0.904153195827	0.914345276395	0.898928234765	0.902753149812	0.661501586569	0.943702725458	0.811527817129	0.413798255795	0.779268908356
TAH6	0.812442608518	0.884184171082	0.822541937433	0.822556101939	0.845783497899	0.855805204702	0.813692679047	0.846505136029	0.85631825106	0.787441619636	0.815414209928	0.819181093068	0.581281977623	0.721465466059	0.6529544772	0.0	0.898763894662	0.750113657098	0.691654755174	0.660387560437	0.853754524894	0.861308591172	0.845590417278	0.812973059545	0.878106017964	0.857068209319	0.859690590732	0.843132967178	0.809122970231	0.873856740821	0.810150704602	0.819876342636	0.839213559162	0.814289345034	0.853876263311	0.0542165204038	0.895856250643	0.745395463155	0.688972115001	0.665079618628
TAH7	0.835846252938	0.890426877383	0.886681634524	0.87353700866	0.881786581169	0.874306669132	0.889541564374	0.877972656338	0.871729773346	0.858238496557	0.696651368899	0.790321954642	0.920344795452	0.886507412528	0.945797268257	0.898763894662	0.0	0.880090487582	0.942762853637	0.735312210449	0.855677939215	0.917222420952	0.881590551039	0.900386428957	0.887058188431	0.857141101901	0.919959711253	0.88415367334	0.901794796082	0.885472665527	0.822292280202	0.877286311411	0.879591436617	0.889509399431	0.87077392949	0.893592939663	0.0454755557119	0.884228228346	0.943429201478	0.725969390599
TAH8	0.868685367027	0.884393211943	0.829147281268	0.844118479336	0.864863941237	0.836938656928	0.888736075396	0.900646180651	0.859204340491	0.824863054776	0.810415460306	0.428506784323	0.804905082286	0.791917859298	0.812989068436	0.750113657098	0.880090487582	0.0	0.771675199415	0.789423363014	0.912339898995	0.922096270142	0.906661162363	0.887863062171	0.925683610878	0.915701919973	0.923264843817	0.906093338688	0.886435474366	0.924844548152	0.861484652632	0.844445052759	0.859739467186	0.886641974517	0.859946034939	0.746479366754	0.873553627321	0.0313401809075	0.758169153133	0.783935686394
TAH9	0.904630567	0.926638122313	0.831200770062	0.898141698854	0.918319832372	0.885560453417	0.899329288557	0.918179409078	0.896397747659	0.853865927158	0.890120087709	0.830413278321	0.797146011261	0.741933488945	0.417998139775	0.691654755174	0.942762853637	0.771675199415	0.0	0.819923896727	0.89528075437	0.894428900233	0.874847141576	0.871422417019	0.915401178047	0.897717928873	0.893828462559	0.874353218863	0.868669752811	0.91227769849	0.907596502659	0.89535946153	0.912719715604	0.900202419356	0.893983464945	0.698929245586	0.940777794768	0.769705696768	0.0679426623052	0.816805746533
TAH10	0.647784279682	0.734580938923	0.680594458073	0.722914187688	0.778042392937	0.660799364688	0.695888644366	0.707736858008	0.705118243686	0.646032571168	0.484779324806	0.78394248362	0.771647614589	0.689521439566	0.773553235869	0.660387560437	0.735312210449	0.789423363014	0.819923896727	0.0	0.818397273826	0.831273238468	0.793068995825	0.780590821979	0.819428004083	0.817456561592	0.832674561452	0.789785910937	0.780910696016	0.819222235623	0.650579042721	0.716715442072	0.766992944874	0.693738597032	0.704084629031	0.651675939603	0.716005607217	0.789553791028	0.823667361404	0.0507402167817
TABS1	0.895785199678	0.912317737651	0.939156154923	0.919349933392	0.898195616776	0.931676708262	0.921675970544	0.911511012671	0.876216422176	0.916454429759	0.832870103976	0.881138192203	0.96213274665	0.932255569711	0.900512420115	0.853754524894	0.855677939215	0.912339898995	0.89528075437	0.818397273826	0.0	0.600695416241	0.492775679384	0.565676751584	0.517329915362	0.050444902509	0.598753108386	0.482587660305	0.569320134712	0.517143559416	0.897468100204	0.91852740179	0.898410300723	0.921873778968	0.873086351594	0.858812381518	0.850720158693	0.913938547075	0.900786678283	0.815881514215
TABS2	0.91052423346	0.925125378344	0.914877548961	0.925359071592	0.90230903663	0.92921934349	0.936335490637	0.9432466233	0.900219566584	0.898430300931	0.873370708147	0.910575454504	0.953106990759	0.93039152536	0.88287903639	0.861308591172	0.917222420952	0.922096270142	0.894428900233	0.831273238468	0.600695416241	0.0	0.559289436566	0.582278762202	0.582079713216	0.597140944752	0.0512377051896	0.554607553817	0.582782491041	0.583885610171	0.912167484759	0.923270990364	0.894404467879	0.934564615309	0.896695137339	0.866756482603	0.915952118352	0.922750712649	0.892738411651	0.832358829824
TABS3	0.904257626593	0.936590089953	0.925003240239	0.907021362852	0.896329499593	0.917703900426	0.937008994834	0.935037250256	0.903785189903	0.907451842735	0.828215896033	0.898146708595	0.953304596052	0.918936203244	0.875126262951	0.845590417278	0.881590551039	0.906661162363	0.874847141576	0.793068995825	0.492775679384	0.559289436566	0.0	0.520508887324	0.441424250222	0.492086999117	0.555481972034	0.0701210168045	0.521331069941	0.445504170856	0.906716500109	0.904041844751	0.890154796609	0.933720857569	0.900582334539	0.851231772058	0.877696003275	0.907997914755	0.874204065781	0.795964479214
TABS4	0.916547579442	0.92458342941	0.928557294727	0.924158152814	0.894764966586	0.927701610304	0.944392954974	0.942616394073	0.908425265681	0.903372498921	0.705966901562	0.839838964471	0.938586536984	0.909967651738	0.836186457644	0.812973059545	0.900386428957	0.887863062171	0.871422417019	0.780590821979	0.565676751584	0.582278762202	0.520508887324	0.0	0.541527188884	0.565692708245	0.575574349119	0.512791101284	0.0556271302026	0.540796274502	0.917829176753	0.919862991165	0.88964966898	0.942682526314	0.9042194778	0.813052481481	0.896860003609	0.887610375987	0.874872120522	0.782541393198
TABS5	0.900200292589	0.925277123027	0.918543008374	0.918554376934	0.902763766935	0.921223079149	0.939635320622	0.924674839868	0.897971483676	0.900137256605	0.841143433235	0.888310392715	0.956028349279	0.930315898422	0.895689021298	0.878106017964	0.887058188431	0.925683610878	0.915401178047	0.819428004083	0.517329915362	0.582079713216	0.441424250222	0.541527188884	0.0	0.513801743717	0.579729009603	0.437379649658	0.546457134899	0.0646993433105	0.900517208512	0.915859864381	0.897566096209	0.938156258857	0.894671912734	0.876022831436	0.881502658034	0.925086646011	0.917793662566	0.820731879727
TAE0BS1	0.893534448725	0.911502592117	0.937688191187	0.91879924063	0.89868274203	0.930491463614	0.920331795628	0.909763821342	0.874006361408	0.915671610052	0.831771790602	0.885519605404	0.96178177505	0.931193668567	0.898477193562	0.857068209319	0.857141101901	0.915701919973	0.897717928873	0.817456561592	0.050444902509	0.597140944752	0.492086999117	0.565692708245	0.513801743717	0.0	0.594391930839	0.482986603037	0.569015542995	0.514757502651	0.896379468826	0.918053815992	0.898393282058	0.920189893868	0.871147022819	0.862776134702	0.851962319489	0.916959585915	0.901972020833	0.814707469987
TAE0BS2	0.913686065149	0.926071690966	0.913139931575	0.927136163728	0.90427482274	0.929397634838	0.936145443774	0.942009553852	0.901923845939	0.899257592994	0.874223436072	0.910391448701	0.952476542886	0.930879315451	0.880177990273	0.859690590732	0.919959711253	0.923264843817	0.893828462559	0.832674561452	0.598753108386	0.0512377051896	0.555481972034	0.575574349119	0.579729009603	0.594391930839	0.0	0.548086067668	0.576886146627	0.580364671011	0.915807924418	0.925226053216	0.895522862726	0.935066423652	0.898052013507	0.865536357473	0.918416860073	0.923730928679	0.89126383517	0.832853796044
TAE0BS3	0.907415787656	0.935743973782	0.926340632128	0.909434579634	0.896651656144	0.918947734249	0.938348436756	0.93634511493	0.905870918319	0.908755154987	0.824919839866	0.894184146808	0.9546676547	0.918327032417	0.870416534762	0.843132967178	0.88415367334	0.906093338688	0.874353218863	0.789785910937	0.482587660305	0.554607553817	0.0701210168045	0.512791101284	0.437379649658	0.482986603037	0.548086067668	0.0	0.512671284711	0.439721528964	0.910820451385	0.906172592271	0.88927130696	0.935500708374	0.902937600824	0.847813779436	0.88017299232	0.906570378932	0.874234458317	0.793008004434
TAE0BS4	0.918413580385	0.924391724581	0.929595014948	0.925277369119	0.896387441949	0.929977979138	0.943880701805	0.943758400782	0.909428604856	0.903107900178	0.708680338114	0.838899530975	0.936750812415	0.908392799261	0.836629414622	0.809122970231	0.901794796082	0.886435474366	0.868669752811	0.780910696016	0.569320134712	0.582782491041	0.521331069941	0.0556271302026	0.546457134899	0.569015542995	0.576886146627	0.512671284711	0.0	0.546751503703	0.919968186111	0.920838097132	0.892081324253	0.942361306482	0.905225145162	0.809787741711	0.898368405835	0.88643932992	0.871849679376	0.782745936273
TAE0BS5	0.898465091514	0.927855002748	0.917867767856	0.918701518985	0.903084039833	0.917031688931	0.939446100013	0.923491453427	0.897317504977	0.899000184452	0.840497513142	0.888661857449	0.956026385837	0.930101726744	0.89391198697	0.873856740821	0.885472665527	0.924844548152	0.91227769849	0.819222235623	0.517143559416	0.583885610171	0.445504170856	0.540796274502	0.0646993433105	0.514757502651	0.580364671011	0.439721528964	0.546751503703	0.0	0.898195555997	0.915593776408	0.897251081175	0.938061676181	0.894214953728	0.871998806979	0.879702348746	0.92459114182	0.914773574589	0.821071730377
TAE0D1	0.0822526529284	0.627518232044	0.624440866338	0.612512010671	0.652739158552	0.61682210267	0.564782911583	0.604789643586	0.551791946251	0.563203291975	0.724511934822	0.898000064309	0.817600547699	0.728783207842	0.916774201533	0.810150704602	0.822292280202	0.861484652632	0.907596502659	0.650579042721	0.897468100204	0.912167484759	0.906716500109	0.917829176753	0.900517208512	0.896379468826	0.915807924418	0.910820451385	0.919968186111	0.898195555997	0.0	0.605557488691	0.648034001094	0.558776984556	0.552535275088	0.806531789034	0.816819025004	0.86523835562	0.907739722623	0.661182084804
TAE0D4	0.607903546563	0.507696592601	0.503222509633	0.0320968034198	0.424099719636	0.534005479708	0.605460306246	0.491178844678	0.53461254514	0.426099386407	0.765049779133	0.912380451606	0.810651474227	0.798103762133	0.904153195827	0.819876342636	0.877286311411	0.844445052759	0.89535946153	0.716715442072	0.91852740179	0.923270990364	0.904041844751	0.919862991165	0.915859864381	0.918053815992	0.925226053216	0.906172592271	0.920838097132	0.915593776408	0.605557488691	0.0	0.41566834021	0.598866702245	0.539899513327	0.818089178307	0.871649131358	0.849381120445	0.895908932743	0.718695630561
TAE0D5	0.637683986361	0.623049214929	0.694774918823	0.416758546482	0.0386241743956	0.626880500215	0.728485251681	0.676827240086	0.603929616809	0.548082093176	0.798303037223	0.913058390101	0.839114940538	0.812025127026	0.914345276395	0.839213559162	0.879591436617	0.859739467186	0.912719715604	0.766992944874	0.898410300723	0.894404467879	0.890154796609	0.88964966898	0.897566096209	0.898393282058	0.895522862726	0.88927130696	0.892081324253	0.897251081175	0.648034001094	0.41566834021	0.0	0.718865854274	0.607305849926	0.836357309738	0.875302689072	0.86272804096	0.912909479545	0.771809912015
TAE0D7	0.582486572386	0.521801390274	0.544286540431	0.606124364905	0.728198688499	0.529254259501	0.024500549979	0.394421592027	0.52515884271	0.584235955321	0.743718097322	0.914865432404	0.790898904812	0.751404771343	0.898928234765	0.814289345034	0.889509399431	0.886641974517	0.900202419356	0.693738597032	0.921873778968	0.934564615309	0.933720857569	0.942682526314	0.938156258857	0.920189893868	0.935066423652	0.935500708374	0.942361306482	0.938061676181	0.558776984556	0.598866702245	0.718865854274	0.0	0.516919985552	0.811426416221	0.883429025924	0.888899047648	0.900306488305	0.700550131345
TAE0D9	0.583594278055	0.37673746484	0.479057823572	0.546875660134	0.615535213958	0.393684965449	0.521553432809	0.537608300789	0.0289248991638	0.436406883825	0.770887421631	0.91017576571	0.825198170933	0.786220706913	0.902753149812	0.853876263311	0.87077392949	0.859946034939	0.893983464945	0.704084629031	0.873086351594	0.896695137339	0.900582334539	0.9042194778	0.894671912734	0.871147022819	0.898052013507	0.902937600824	0.905225145162	0.894214953728	0.552535275088	0.539899513327	0.607305849926	0.516919985552	0.0	0.849575019815	0.863841203585	0.862153112057	0.892276255961	0.71197952098
TAE0H6	0.809764173657	0.878370811022	0.817075851029	0.819977775009	0.841986932472	0.852128087507	0.811963733976	0.839378290781	0.852311259639	0.783292559843	0.805740247108	0.815913103593	0.583262950868	0.71731119399	0.661501586569	0.0542165204038	0.893592939663	0.746479366754	0.698929245586	0.651675939603	0.858812381518	0.866756482603	0.851231772058	0.813052481481	0.876022831436	0.862776134702	0.865536357473	0.847813779436	0.809787741711	0.871998806979	0.806531789034	0.818089178307	0.836357309738	0.811426416221	0.849575019815	0.0	0.890738168244	0.741437590098	0.696550181439	0.657031366506
TAE0H7	0.830353080622	0.885321368719	0.880135215161	0.86799770209	0.877261284699	0.86873653955	0.883201333593	0.872016488626	0.864361601128	0.852575430828	0.671086863097	0.78503115139	0.914812731615	0.88104510948	0.943702725458	0.895856250643	0.0454755557119	0.873553627321	0.940777794768	0.716005607217	0.850720158693	0.915952118352	0.877696003275	0.896860003609	0.881502658034	0.851962319489	0.918416860073	0.88017299232	0.898368405835	0.879702348746	0.816819025004	0.871649131358	0.875302689072	0.883429025924	0.863841203585	0.890738168244	0.0	0.877638720057	0.941068994512	0.707109402712
TAE0H8	0.872245733899	0.885688299099	0.827877768111	0.848931685151	0.868380387957	0.840632804439	0.891423753475	0.901620143398	0.861730691212	0.82573341306	0.810600955518	0.428987798831	0.80648605855	0.793196448707	0.811527817129	0.745395463155	0.884228228346	0.0313401809075	0.769705696768	0.789553791028	0.913938547075	0.922750712649	0.907997914755	0.887610375987	0.925086646011	0.916959585915	0.923730928679	0.906570378932	0.88643932992	0.92459114182	0.86523835562	0.849381120445	0.86272804096	0.888899047648	0.862153112057	0.741437590098	0.877638720057	0.0	0.756574041855	0.784237212308
TAE0H9	0.904494976799	0.924974106028	0.83294359427	0.898764774899	0.917937465371	0.887533083055	0.899833111134	0.920797724625	0.894535246006	0.853681996514	0.889772832896	0.816369630358	0.796182716545	0.742221517379	0.413798255795	0.688972115001	0.943429201478	0.758169153133	0.0679426623052	0.823667361404	0.900786678283	0.892738411651	0.874204065781	0.874872120522	0.917793662566	0.901972020833	0.89126383517	0.874234458317	0.871849679376	0.914773574589	0.907739722623	0.895908932743	0.912909479545	0.900306488305	0.892276255961	0.696550181439	0.941068994512	0.756574041855	0.0	0.821717949993
TAE0H10	0.65896859843	0.743727464338	0.689032135708	0.724568399308	0.782892110719	0.670782565425	0.702759306785	0.716500701265	0.71237103365	0.655762842559	0.474321240254	0.777815261293	0.768932942705	0.689759419591	0.779268908356	0.665079618628	0.725969390599	0.783935686394	0.816805746533	0.0507402167817	0.815881514215	0.832358829824	0.795964479214	0.782541393198	0.820731879727	0.814707469987	0.832853796044	0.793008004434	0.782745936273	0.821071730377	0.661182084804	0.718695630561	0.771809912015	0.700550131345	0.71197952098	0.657031366506	0.707109402712	0.784237212308	0.821717949993	0.0