	Fun2DMH6301	Fun2DMH6302	Fun2DMH6303	Fun2DMH6304	Fun2DMH6305	Fun2DMH6306	Fun2DMH6307	Fun2DMH6308	Fun2DMH6309	Fun2DMH6310	Fun2DMH6311	Fun2DMH6312	Fun2DMH63ZH01	Fun2DMH63ZH02	Fun2DMH63ZH03	Fun2DMH63ZH04	Fun2DMH63ZH05	Fun2DMH63ZH06	Fun2DMH63ZH07	Fun2DMH63ZH08	Fun2DMH63ZH09	Fun2DMH63ZH10	Fun2DMH63ZH11	Fun2DMH63ZH12	Fun2DMH63ZH13	Fun2DMH63ZH14	Fun2DMH63ZH15	Fun2DWYJ01	Fun2DWYJ02	Fun2DWYJ03	Fun2DWYJ04	Fun2DWYJ05	Fun2DWYJ06	Fun2DWYJ07	Fun2DWYJ08	Fun2DWYJ09	Fun2DWYJ10	Fun2DWYJ11	Fun2DWYJ12	Fun2DWYJ13	Fun2DWYJ14	Fun2DWYJ15	Fun2WMH6301	Fun2WMH6302	Fun2WMH6303	Fun2WMH6304	Fun2WMH6305	Fun2WMH6306	Fun2WMH6307	Fun2WMH6308	Fun2WMH6309	Fun2WMH6310	Fun2WMH6311	Fun2WMH6312	Fun2WMH63ZH01	Fun2WMH63ZH02	Fun2WMH63ZH03	Fun2WMH63ZH04	Fun2WMH63ZH05	Fun2WMH63ZH06	Fun2WMH63ZH07	Fun2WMH63ZH08	Fun2WMH63ZH09	Fun2WMH63ZH10	Fun2WMH63ZH11	Fun2WMH63ZH12	Fun2WMH63ZH13	Fun2WMH63ZH14	Fun2WMH63ZH15	Fun2WWYJ01	Fun2WWYJ02	Fun2WWYJ03	Fun2WWYJ04	Fun2WWYJ05	Fun2WWYJ06	Fun2WWYJ07	Fun2WWYJ08	Fun2WWYJ09	Fun2WWYJ10	Fun2WWYJ11	Fun2WWYJ12	Fun2WWYJ13	Fun2WWYJ14	Fun2WWYJ15	FunDMH6301	FunDMH6302	FunDMH6303	FunDMH6304	FunDMH6305	FunDMH6306	FunDMH6307	FunDMH6308	FunDMH6309	FunDMH6310	FunDMH6311	FunDMH6312	FunDMH6313	FunDMH6314	FunDMH6315	FunDMH63ZH01	FunDMH63ZH02	FunDMH63ZH03	FunDMH63ZH04	FunDMH63ZH05	FunDMH63ZH06	FunDMH63ZH07	FunDMH63ZH08	FunDMH63ZH09	FunDMH63ZH10	FunDMH63ZH11	FunDMH63ZH12	FunDMH63ZH13	FunDMH63ZH14	FunDMH63ZH15	FunDWYJ01	FunDWYJ02	FunDWYJ03	FunDWYJ04	FunDWYJ05	FunDWYJ06	FunDWYJ07	FunDWYJ08	FunDWYJ09	FunDWYJ10	FunDWYJ11	FunDWYJ12	FunDWYJ13	FunDWYJ14	FunDWYJ15	FunWMH6301	FunWMH6302	FunWMH6303	FunWMH6304	FunWMH6305	FunWMH6306	FunWMH6307	FunWMH6308	FunWMH6309	FunWMH6310	FunWMH6311	FunWMH6312	FunWMH6313	FunWMH6314	FunWMH6315	FunWMH63ZH01	FunWMH63ZH02	FunWMH63ZH03	FunWMH63ZH04	FunWMH63ZH05	FunWMH63ZH06	FunWMH63ZH07	FunWMH63ZH08	FunWMH63ZH09	FunWMH63ZH10	FunWMH63ZH11	FunWMH63ZH12	FunWMH63ZH13	FunWMH63ZH14	FunWMH63ZH15	FunWWYJ01	FunWWYJ02	FunWWYJ03	FunWWYJ04	FunWWYJ05	FunWWYJ06	FunWWYJ07	FunWWYJ08	FunWWYJ09	FunWWYJ10	FunWWYJ11	FunWWYJ12	FunWWYJ13	FunWWYJ14	FunWWYJ15
Fun2DMH6301	0.0	0.526049908604	0.543875226323	0.53596047945	0.547356668557	0.543827225697	0.559320536077	0.529822145035	0.524331515002	0.564466148973	0.547229484693	0.570857669522	0.56702263921	0.570304726971	0.542694071152	0.610189517123	0.542365185143	0.691640807815	0.546058835731	0.583002834626	0.564146406785	0.574483311733	0.579767766682	0.526973686488	0.628277535313	0.575238611374	0.578832193172	0.65956840854	0.644084576162	0.676032820322	0.675163401607	0.670117488948	0.671097348441	0.671215236585	0.626449877249	0.677063371346	0.672273282103	0.649572329423	0.655828757025	0.666137100147	0.639621721055	0.641972915705	0.605089793022	0.533715034151	0.538459524949	0.544058859158	0.520106851774	0.547408784542	0.533767720526	0.55921032219	0.565396999866	0.539668555228	0.566269499883	0.569564838842	0.561698658026	0.589171809662	0.5495895704	0.573791472519	0.603514707974	0.640009461407	0.648285604162	0.595325801511	0.61390180709	0.574158566548	0.582445520069	0.624544249942	0.582919230939	0.551693933187	0.582660436497	0.659099505834	0.653958544373	0.629262018657	0.636493565845	0.667020647764	0.662333546611	0.679617378507	0.651829365682	0.651490988661	0.658706906654	0.691657997163	0.643407356647	0.650356731198	0.653821719407	0.650416438021	0.669062843146	0.718852207828	0.71628909919	0.691135314134	0.686813384923	0.673015799402	0.688857772422	0.668848236695	0.696059587325	0.688675731408	0.644612141734	0.632135414018	0.653357474077	0.744749427112	0.751433736755	0.661457388253	0.740998362879	0.704015528812	0.691635492148	0.689996553008	0.621228559734	0.655085276013	0.711031429824	0.698822002575	0.723058335416	0.62828411393	0.697530991775	0.700679777435	0.680726800503	0.690018410424	0.799452105319	0.73962121524	0.770592308773	0.775636855555	0.858715256516	0.799474861944	0.821210904219	0.814972118016	0.773285151031	0.806357464842	0.780303921823	0.75978344905	0.771928644306	0.783011649334	0.759668384495	0.641386246934	0.645684403633	0.681737420278	0.634075750447	0.653999338593	0.629311008509	0.625193766284	0.636896631721	0.683521978987	0.611943594996	0.630806688804	0.626685517297	0.654405634901	0.683430484687	0.675908845409	0.663657653166	0.644526634336	0.640404968977	0.706238000654	0.647420571471	0.704516500009	0.646340325774	0.71904758593	0.668565951607	0.667642790198	0.629337969369	0.673663567324	0.625926041671	0.661067139298	0.622906441437	0.719746263496	0.736987967214	0.764313658521	0.709562031525	0.810934683679	0.766064934124	0.76287363358	0.746763214618	0.735047435405	0.739651506733	0.714728007745	0.750828966337	0.754452689918	0.726607985502	0.734654280988
Fun2DMH6302	0.526049908604	0.0	0.534676897641	0.553819950013	0.506574923472	0.535488988054	0.499388082539	0.527967935389	0.583477142336	0.58548967148	0.508575092997	0.599572644706	0.551661356819	0.56311514871	0.529949276911	0.561077624919	0.52452797798	0.703967204188	0.518789256493	0.58321484799	0.543061784735	0.550747916041	0.573250171936	0.542685250893	0.660616886817	0.557272927168	0.583285603194	0.660031499146	0.651959407825	0.67487243907	0.677975173292	0.65496830311	0.667729537505	0.646081921474	0.64172949472	0.678381972279	0.670158108175	0.654678407892	0.665494823257	0.667458061016	0.649023081874	0.6612343424	0.62423842311	0.526998500394	0.526452310679	0.524331843518	0.519728435417	0.52837184055	0.529064882085	0.50274606263	0.5585548621	0.537187755897	0.552382577623	0.561734331321	0.535975748696	0.585155649881	0.597593841935	0.546738639143	0.601005514566	0.652837789447	0.639796476936	0.591681834739	0.62303976276	0.571510538299	0.603669404533	0.62601582562	0.589274042483	0.562314631032	0.576745318215	0.662930351633	0.697402912742	0.65194061593	0.649838008213	0.665753612101	0.692729291716	0.6911285019	0.660877931085	0.661891188195	0.647817877878	0.669214816072	0.646334794855	0.648692539559	0.645580866724	0.648160636063	0.636473380364	0.708596110554	0.717125946448	0.695703450204	0.694937502111	0.695220655464	0.684331562731	0.666020219976	0.702436981077	0.678641229024	0.640365280169	0.634720201587	0.6706434436	0.75222399711	0.746621849793	0.677867676609	0.749839792551	0.712584450368	0.70142889955	0.692890701871	0.610531807559	0.648534655915	0.711800327706	0.699413550693	0.732000354036	0.630716529195	0.720949007789	0.710939331067	0.687274619393	0.697228362858	0.793687821644	0.726947654571	0.760423760176	0.768966190015	0.853176652996	0.803083914717	0.819925213403	0.825100583785	0.772505320382	0.814856051493	0.785186316098	0.747332001629	0.771069732841	0.779532909961	0.758421651946	0.643916976622	0.634136769288	0.665969327989	0.614051145732	0.65042320299	0.622973792517	0.618470812983	0.630457743779	0.668442734624	0.594239162076	0.632841935294	0.628729285186	0.635186938658	0.692817893053	0.671399267085	0.6465979221	0.655830078169	0.650259154262	0.712732807844	0.633870229612	0.712843847274	0.663081146897	0.74804612132	0.632909305757	0.676983439752	0.631870836077	0.682425468427	0.618043704352	0.673107297535	0.617767375914	0.720830254169	0.734677733566	0.773802363068	0.704920838631	0.823873069527	0.772104992626	0.760127022003	0.748394960784	0.724758881516	0.749587293876	0.716248318866	0.752184243787	0.747071908733	0.734838036065	0.750754429726
Fun2DMH6303	0.543875226323	0.534676897641	0.0	0.556281964788	0.508134589071	0.540028512566	0.541445754067	0.533656558849	0.554503426064	0.577741183463	0.566277740686	0.565378072808	0.590643710442	0.569584872236	0.561672841357	0.604014877003	0.574260402325	0.717379039547	0.562802448291	0.580137929305	0.553222208142	0.579787329057	0.564724890049	0.563168195148	0.616603853976	0.587291526516	0.580063311592	0.66933493357	0.668433758004	0.6691763699	0.695506354489	0.650170717899	0.696749179222	0.648904229246	0.645515681671	0.696909712161	0.667928351413	0.657979819876	0.665067271743	0.672571610895	0.65957723488	0.667671316676	0.603845940505	0.556471007317	0.5686277564	0.564377567045	0.558303168491	0.54565348704	0.571698929349	0.587836223651	0.569944734415	0.547864471559	0.557412955794	0.579575378539	0.574471636808	0.581576537375	0.607953739762	0.578031229769	0.617434187189	0.639812568091	0.643952994522	0.605893784554	0.613089130374	0.581828727546	0.635174917094	0.651274421518	0.58730663963	0.591313862916	0.602381673776	0.679044025238	0.709034608142	0.687263489678	0.677902601654	0.677924261723	0.693830308239	0.691375708277	0.682805522679	0.688727541775	0.68054475161	0.687542853403	0.682961907209	0.677897839443	0.685858594376	0.667750585696	0.655960113645	0.714367325886	0.719675604172	0.698596379537	0.679513693022	0.67568712949	0.671976520001	0.662302630328	0.704586126409	0.686799871496	0.631587414679	0.659362490157	0.679531589796	0.741030922502	0.732972304703	0.687856126906	0.740988688969	0.706890999693	0.68649347051	0.677753542336	0.629286605075	0.653458292636	0.714905073035	0.692790642023	0.735314813892	0.636896785619	0.702342559189	0.690643989693	0.673751241453	0.683606384679	0.805205819194	0.747459284216	0.775384553441	0.777792594678	0.859441826144	0.798439581725	0.819584600233	0.814948301883	0.792512245596	0.801800729723	0.785043034617	0.766526794412	0.758565918533	0.787474234691	0.76965303527	0.660269509779	0.660312754539	0.671830505832	0.649838456737	0.662957129706	0.646094217312	0.644646093986	0.655795388431	0.67107916964	0.651592204128	0.657975934752	0.64775504925	0.654819785125	0.689937657233	0.659577518869	0.668604632183	0.663824064773	0.667354819348	0.713107497209	0.661566669472	0.699568671025	0.673600427588	0.727053044468	0.657363710679	0.6780485677	0.660725790411	0.67555472501	0.651574996176	0.685156885606	0.656567686069	0.746535381111	0.747688511017	0.750878162319	0.729235765249	0.808455109442	0.767014948822	0.77455224096	0.756773050291	0.74992954438	0.763217885571	0.738801211172	0.764641405874	0.755222274215	0.751641486897	0.744062072222
Fun2DMH6304	0.53596047945	0.553819950013	0.556281964788	0.0	0.548020967961	0.48342950369	0.536885443338	0.583100507425	0.530211816312	0.54095605237	0.565768702231	0.56458446725	0.574340723805	0.576681965704	0.562299804081	0.577176394229	0.582196555861	0.664455735561	0.5721408753	0.59092788406	0.59043013025	0.58185316476	0.570435812215	0.570737718145	0.62154150721	0.588519667202	0.589844009997	0.623364055745	0.648909097181	0.651577363275	0.689812683324	0.652866224476	0.710245692738	0.668287276058	0.623724378355	0.695366508042	0.64879531338	0.63781796753	0.659512340768	0.657793826336	0.62277743329	0.647088375546	0.603946254117	0.541642122625	0.562278910712	0.575258060188	0.564852536395	0.58688686428	0.536541554815	0.601527977613	0.545283681416	0.53861187284	0.565189428436	0.591783499561	0.585227455967	0.59778442707	0.558100358846	0.611300477862	0.592020567242	0.598956408594	0.624420346437	0.598581098651	0.607295769768	0.581188716116	0.596201305005	0.615678234065	0.588168445112	0.598896965448	0.589849279352	0.666700555597	0.627578642273	0.626638796161	0.634883696314	0.67802923478	0.659873306219	0.666472707059	0.652504613107	0.664381070062	0.670303117297	0.664303552487	0.656093160136	0.658172079972	0.643917347921	0.664116507072	0.654172917082	0.719467609718	0.700540458806	0.678583110412	0.675444747725	0.671547006686	0.659543024161	0.65282005984	0.698096636707	0.678579914343	0.637984411599	0.643123033323	0.661182778101	0.717054114834	0.728748119777	0.655463272165	0.721725503678	0.693388481371	0.680204595225	0.671780426769	0.624684335861	0.654318724032	0.692342528795	0.685756148371	0.722444559486	0.636326064648	0.699676476284	0.700434454195	0.670456267802	0.68559039332	0.767231725658	0.717971792	0.746458765091	0.766367454581	0.84926212135	0.79177403903	0.805541520923	0.793630842775	0.762902283745	0.791156957157	0.76230246363	0.733468609429	0.743852989723	0.748289852227	0.736894805482	0.667547628681	0.654284330954	0.675361163278	0.641660763194	0.650934452384	0.647521032056	0.638723139238	0.640803667649	0.659603159715	0.627200435256	0.65414168901	0.628364589367	0.648318536861	0.661432086252	0.661772767634	0.660954902291	0.659893635563	0.658151685859	0.691420749609	0.643369853684	0.694950181624	0.661334969006	0.721162571653	0.639600935356	0.68042815328	0.63922542287	0.673946667104	0.627463554566	0.669933520764	0.627166957331	0.725011131864	0.725687096783	0.744527106015	0.716640660957	0.806644987652	0.767825255426	0.758093273846	0.728554083552	0.730602201191	0.718974824089	0.708116958754	0.738793300006	0.723628370979	0.724647711904	0.732410108196
Fun2DMH6305	0.547356668557	0.506574923472	0.508134589071	0.548020967961	0.0	0.537246051498	0.54769761611	0.526892942343	0.533303451476	0.57495320877	0.503745235662	0.518200406127	0.564421052655	0.532125139571	0.527125845558	0.540447877479	0.499339610016	0.685169244923	0.501510251004	0.533173709131	0.516738056929	0.547988721611	0.545110543782	0.52328494097	0.591545316112	0.522091707646	0.549445644217	0.644980688923	0.659160886997	0.665118540068	0.665665629189	0.633139494728	0.676060180843	0.645828522701	0.642053692516	0.677616840447	0.640737266485	0.610133486875	0.632099886837	0.641995653278	0.632059899911	0.639882995858	0.560796495599	0.476268274548	0.549493588495	0.535991414761	0.476435729628	0.513138998325	0.544779804699	0.527855872557	0.501184477576	0.479652949037	0.517666809366	0.524400569855	0.558691579582	0.572011406429	0.596476347674	0.58594612952	0.591802940941	0.636411534783	0.584776134012	0.55290127961	0.576396992612	0.55947365933	0.60695357868	0.598250230487	0.573362862534	0.534789732794	0.547194339228	0.668889245721	0.693342357468	0.682384767662	0.665801750763	0.665003448191	0.692995820375	0.670974515704	0.634563036359	0.67027844915	0.675196200284	0.645653150457	0.650243549112	0.652102881648	0.661177017961	0.636601200695	0.648432387303	0.686172068448	0.708814978863	0.6773378905	0.652809873879	0.667105641887	0.629217616666	0.643455226351	0.672415028519	0.662410634697	0.624305179934	0.641531113698	0.644382933173	0.729854255474	0.737212620527	0.658486349963	0.732099120294	0.688993029765	0.652284526798	0.657970215831	0.58989068013	0.627457769421	0.680508409158	0.667242675867	0.702643021595	0.620206702317	0.686742169862	0.658300508896	0.670772576298	0.629744054124	0.802730077632	0.716866343319	0.772379614192	0.78073336757	0.84317028161	0.807738793019	0.80919175287	0.801599605431	0.776805803337	0.800336747425	0.783810928837	0.753156625258	0.758788009539	0.758277606074	0.753273338675	0.654306921362	0.631917947997	0.673594733885	0.6137685826	0.636247358266	0.635305325641	0.637212165741	0.627681443191	0.653172677589	0.621872004368	0.637144630684	0.628889380748	0.6494217	0.687310635536	0.644668826289	0.654970146274	0.62836202841	0.657416810785	0.67877957299	0.623388196673	0.67999015763	0.648023095582	0.720803428021	0.663013197262	0.651924648097	0.629866837795	0.657566501825	0.6206238852	0.666543200996	0.627531902199	0.741022761822	0.737498454494	0.753250456364	0.713515075835	0.806583615604	0.759866759747	0.769642894133	0.737799966436	0.748201161051	0.767182097468	0.719311491395	0.76660844332	0.742247904397	0.720694873159	0.729241590217
Fun2DMH6306	0.543827225697	0.535488988054	0.540028512566	0.48342950369	0.537246051498	0.0	0.527092429425	0.565758846637	0.542549341574	0.548474876201	0.569780305954	0.555174402914	0.566334671275	0.55126077609	0.571401667486	0.583151311696	0.587911323358	0.702052705426	0.56050549331	0.602300961548	0.568680379577	0.571004658076	0.563377918525	0.568245799309	0.644310936878	0.591871201001	0.583200051292	0.661953241553	0.670325811832	0.681854320278	0.691163759514	0.674992126846	0.705501433332	0.679687186455	0.64165094529	0.683731928059	0.663161874976	0.635291229066	0.675009733789	0.677426525468	0.661664982655	0.680319276054	0.617277623161	0.54800541852	0.55966761429	0.585389146318	0.585864024408	0.542329266455	0.561559646772	0.579444338286	0.560246821296	0.553414194331	0.562729565723	0.585119908968	0.590067960453	0.624254689352	0.571979169177	0.619102815262	0.616512994865	0.615358427514	0.63123814698	0.613319753645	0.617633797577	0.592296180031	0.604383771116	0.628069902123	0.596380312403	0.591033921874	0.616249595551	0.676413181789	0.680126862772	0.643721712292	0.681954309754	0.689374867902	0.683164040853	0.681044694361	0.673734420706	0.682582751198	0.67125157346	0.663904279454	0.678831569879	0.687176362143	0.665263036075	0.672385088006	0.667180737588	0.723721643294	0.706793025776	0.662873686562	0.667461201582	0.674334517656	0.665998183367	0.674724127502	0.705569263041	0.681434803851	0.649928740979	0.638354325905	0.675406059707	0.750708610224	0.744106834954	0.665652290918	0.731512713589	0.690505045109	0.69359999414	0.673562385187	0.618026230648	0.66123694572	0.720084637945	0.696365610869	0.72531022593	0.656563117714	0.695988919184	0.697784355115	0.674096482409	0.68223862647	0.794341550174	0.737918946239	0.767434710337	0.774093104452	0.852554264873	0.794697499978	0.818521184745	0.819828537604	0.7678845569	0.809204967362	0.778951694584	0.758417117633	0.756465043689	0.768297814268	0.753046163663	0.649581342963	0.647727170025	0.668359408769	0.647671956016	0.640624512772	0.650882797044	0.630853613397	0.65161515877	0.678562078017	0.622086388784	0.640611968134	0.626666141007	0.647367739495	0.668101054055	0.666058994322	0.653585743766	0.6609826872	0.657319867695	0.704135563853	0.656386210309	0.697065731393	0.659350855702	0.720777956833	0.656015770981	0.666463474561	0.638943438776	0.669283127584	0.646465200727	0.662405260936	0.634194406315	0.722317387083	0.756857723431	0.765022937784	0.750430973587	0.819476169679	0.762306400387	0.771586096509	0.74015939073	0.744217914256	0.751526428561	0.72788788267	0.74680142073	0.739716684327	0.744666168776	0.742026430474
Fun2DMH6307	0.559320536077	0.499388082539	0.541445754067	0.536885443338	0.54769761611	0.527092429425	0.0	0.520190885102	0.523675547629	0.575198731226	0.531847769791	0.599674525343	0.527002714284	0.5891369541	0.533503485428	0.598426738977	0.534176319145	0.709109043715	0.543245458756	0.610592251241	0.561827871088	0.582990236664	0.589234664176	0.566586779976	0.679376142056	0.61896190319	0.604997239317	0.657704844743	0.649769923308	0.678645136824	0.696888766641	0.669269644436	0.682578477902	0.676790399954	0.633429962614	0.694295606318	0.682835245179	0.633097581439	0.684893142765	0.688544857742	0.637009808423	0.676266638739	0.624526082583	0.563684497463	0.532703301571	0.553806470175	0.545860405574	0.5135960858	0.537690368753	0.52676945941	0.550260196315	0.50312518337	0.580343276283	0.58144426499	0.547572506342	0.605317063267	0.572736059154	0.586946185787	0.626595281989	0.642895867886	0.6556041798	0.594691614385	0.641571911206	0.578371166639	0.618468260286	0.640925963094	0.606824052536	0.57124210788	0.589373768522	0.66286250052	0.676645798419	0.645736819713	0.660736266827	0.672052015992	0.676508452644	0.69112611808	0.672423549921	0.694292996359	0.66064438004	0.67900122192	0.660205113312	0.671907091724	0.64777191534	0.67296971228	0.657980573417	0.726841639523	0.732485864088	0.707572424195	0.690997626592	0.696357760543	0.698245205971	0.681028850364	0.725083200885	0.701954608453	0.657477872466	0.645804528896	0.678372782933	0.760647259498	0.751727383745	0.671159359965	0.745333773039	0.714689285019	0.713809438883	0.689097718543	0.616700890017	0.660469470447	0.728650163806	0.703948327045	0.742611599558	0.651967068999	0.735181400327	0.722919774724	0.698201110277	0.705000131227	0.806508074976	0.743729336119	0.77990060352	0.789793114008	0.870547806602	0.817609239488	0.836208179236	0.825717626173	0.79378177915	0.817722187183	0.800827301362	0.760050620052	0.768120391234	0.786069898563	0.778048202586	0.665312799525	0.667030528942	0.68602340682	0.646216381912	0.674065921549	0.630012063751	0.634517620031	0.654944239022	0.686133176141	0.627136161089	0.65301997688	0.655020498728	0.668843998844	0.702373708827	0.670099778854	0.666366240305	0.673619399163	0.661442162259	0.730647658366	0.630287904761	0.731914112821	0.676235860595	0.757586391089	0.660819712424	0.683551998318	0.657413704557	0.70514436839	0.658957491514	0.663131175807	0.611697313915	0.72012913122	0.752681550892	0.782341741749	0.732822350714	0.831939229998	0.781086563394	0.785791846165	0.764959999973	0.738476642607	0.7488473426	0.7269154737	0.752851669965	0.754067220175	0.747375516526	0.759260537328
Fun2DMH6308	0.529822145035	0.527967935389	0.533656558849	0.583100507425	0.526892942343	0.565758846637	0.520190885102	0.0	0.556468138369	0.581374266814	0.503763470869	0.596182405843	0.561174389125	0.600906635425	0.545172747871	0.600863569266	0.543602133925	0.721475502461	0.515338420412	0.593012620557	0.558442916712	0.584430084223	0.584261529971	0.557147194319	0.66908687127	0.604756403935	0.59045697971	0.689734633589	0.658484444276	0.68813876215	0.694018050622	0.683265198122	0.706058782569	0.68193119732	0.662487155831	0.692972305509	0.689676459553	0.650226063322	0.665872072078	0.688325355556	0.661662033857	0.684698370503	0.628007266713	0.54676863108	0.538778416654	0.566202459524	0.550794517874	0.534186674716	0.567888412862	0.532777409093	0.567683666233	0.534266255702	0.591799690705	0.555007858058	0.566342901137	0.595786851809	0.565676673014	0.572676873135	0.623205620452	0.672599325602	0.658099470209	0.607536206095	0.623300265719	0.579979754299	0.615374381646	0.626464951058	0.61610048669	0.564729962602	0.598714473197	0.676780040064	0.713228882305	0.637920177525	0.695567911908	0.676025596595	0.669181467448	0.704207243649	0.674419989611	0.689539316407	0.681632748811	0.693011036855	0.67394692594	0.686014978471	0.674414266283	0.658889987128	0.659864463379	0.730185580045	0.734166451657	0.70026141373	0.690276331675	0.692685492063	0.685963314369	0.68830632023	0.721738487943	0.715636252315	0.664414287878	0.647482048151	0.671856387101	0.757333175098	0.758898663266	0.695109303441	0.760975094759	0.715752266271	0.694515841706	0.704583090791	0.626799027034	0.642497939985	0.7384359438	0.708773175712	0.748701949424	0.665012413046	0.726338659931	0.716049168812	0.704353529758	0.702648407526	0.814290333126	0.754033521201	0.784897781785	0.797743277391	0.865190948384	0.813606491227	0.838054938785	0.840500016626	0.807266600004	0.821251768207	0.807442406457	0.784588288929	0.779152721078	0.796226342164	0.762794139907	0.657272794092	0.653409135013	0.694971691642	0.632528114014	0.673104674168	0.627718204142	0.649477476704	0.645790005609	0.680784162738	0.620857465605	0.6642748713	0.647947011454	0.654683698744	0.709976099312	0.685864621157	0.67726075747	0.657828700975	0.678557798038	0.735527075112	0.666092696669	0.720360075261	0.680768274921	0.749386074535	0.665304663745	0.69138948269	0.647174314112	0.700804239133	0.662152406043	0.680723958287	0.62043304463	0.740700621564	0.758623268349	0.778229640933	0.735352067383	0.826553001897	0.774059368885	0.776813195946	0.764207853709	0.750833104981	0.768635676263	0.738143147043	0.780198358253	0.764034127731	0.74987960989	0.757575454792
Fun2DMH6309	0.524331515002	0.583477142336	0.554503426064	0.530211816312	0.533303451476	0.542549341574	0.523675547629	0.556468138369	0.0	0.522147162186	0.535156341323	0.562577897348	0.570589070115	0.58021535249	0.569881034956	0.61743421717	0.58089304589	0.688243064811	0.580455713387	0.602759333293	0.583822623776	0.586167665845	0.586454330951	0.554541965799	0.640585957252	0.615289438148	0.572534503341	0.681663346414	0.669489909904	0.690747263181	0.694135316537	0.671534706679	0.707711456067	0.678792574041	0.656191715258	0.699290126759	0.664658267697	0.653831879464	0.673080372652	0.679073426752	0.647894841401	0.679236432534	0.596342357598	0.533671106005	0.564648886692	0.580230174982	0.570473225924	0.54939247751	0.574566518276	0.577679750949	0.556388449361	0.508298116766	0.580231810536	0.601186751402	0.585221694321	0.599575261008	0.570847441597	0.59527068318	0.604931033205	0.630490535389	0.644107398472	0.616713379131	0.61994090127	0.572582565447	0.6210392768	0.617297817439	0.602256944773	0.585582632835	0.608315677749	0.674248555644	0.675652772046	0.654473730039	0.696652710825	0.68761934655	0.690916944861	0.691858583323	0.667793774389	0.673911429046	0.691507854569	0.692047562799	0.685729723249	0.687678399961	0.66603486427	0.681335385965	0.69251854405	0.729696223182	0.721566753317	0.711986940818	0.695779508755	0.696412202133	0.695074577771	0.680636489474	0.713735497104	0.684414611369	0.663367135127	0.67477644954	0.676619414796	0.75047820933	0.740100991996	0.668053537902	0.723758399616	0.702769150883	0.705628866254	0.691754698943	0.638802683114	0.6668183141	0.727365910566	0.699190300426	0.735563515375	0.650078190845	0.706539477206	0.71677246882	0.697556180264	0.694576289051	0.79721181299	0.744927186017	0.768046154261	0.785126474732	0.855937926207	0.794235174592	0.819677233149	0.811469779653	0.782559855404	0.808464546767	0.790719514065	0.767989067612	0.761725563643	0.776973601754	0.763786140305	0.672335010693	0.676707633795	0.684479799009	0.659487013481	0.667528359708	0.654506751278	0.638075154163	0.650814240239	0.684597869551	0.638596068294	0.656903913183	0.657421345011	0.671891737439	0.688627391115	0.672093661954	0.672575995945	0.676233677548	0.676470072002	0.713799746067	0.652764425757	0.703146113065	0.683387513942	0.737639760104	0.667002020242	0.683612398895	0.664349987445	0.676546746135	0.670396928581	0.684847722874	0.65890189915	0.747167156395	0.744368364602	0.762617631642	0.739906147899	0.816903852625	0.773753924109	0.773230995238	0.751270337833	0.743486639311	0.746626509034	0.717799329811	0.750554974973	0.747821525383	0.73464792263	0.744937946452
Fun2DMH6310	0.564466148973	0.58548967148	0.577741183463	0.54095605237	0.57495320877	0.548474876201	0.575198731226	0.581374266814	0.522147162186	0.0	0.589291595479	0.55958784126	0.599546893104	0.598895146088	0.608325387335	0.610645198517	0.604471367301	0.676925323119	0.606584341746	0.611983043777	0.629106191704	0.591898756055	0.582967893618	0.585622580603	0.631262250234	0.638171196512	0.596974671954	0.683973748433	0.675748887225	0.684203798655	0.70535236622	0.676717520266	0.714447477246	0.66682086704	0.663862253637	0.689161426059	0.669128009369	0.675678074418	0.679630180771	0.684982498724	0.663982552405	0.672592583338	0.595167156468	0.553405545185	0.569659699598	0.59921523639	0.586531307544	0.598892765968	0.582631524474	0.63638726185	0.573635525606	0.566331880283	0.58457060367	0.594071699809	0.625241660837	0.621924363143	0.61213117738	0.644938405175	0.620022895253	0.640928558959	0.636088494412	0.630932794846	0.615515536555	0.588802779458	0.596105558197	0.625746891432	0.633278784675	0.592480903576	0.611869690255	0.687918672794	0.673338352673	0.67141595332	0.713139444306	0.713700717221	0.699657684979	0.684169609245	0.68169461457	0.687648736894	0.698579805175	0.70121029486	0.700065343487	0.715176435958	0.705146189216	0.703900340598	0.704769976097	0.732444619507	0.696670878203	0.704567131626	0.681686964965	0.701060193612	0.690394624856	0.670712374992	0.709369043774	0.71032247868	0.649861338355	0.662292393116	0.690665230225	0.734454307269	0.740477107509	0.697322195016	0.726812032642	0.701584249695	0.70176674345	0.688434639642	0.678611945168	0.662079340399	0.71042341768	0.694768742447	0.73486997406	0.669991634388	0.712244210627	0.699439090949	0.683508835914	0.703804182842	0.792680243997	0.756001334277	0.782608063295	0.790156838131	0.858060252081	0.797950085759	0.81372399636	0.81530048496	0.781196295524	0.801991199867	0.778670721317	0.760806485934	0.777026121554	0.768996521493	0.768573903867	0.677282860552	0.672278466489	0.699294649909	0.67199001944	0.674837423856	0.676750840576	0.678487480592	0.678312373845	0.694704020945	0.656192275119	0.675426250973	0.664663521615	0.689154251443	0.689525829294	0.67480188921	0.700938321378	0.673650425652	0.698330586175	0.702061355907	0.663358943275	0.70280883701	0.687994810398	0.738933230758	0.67498886229	0.689807402767	0.66087239849	0.697420347851	0.669924000034	0.692155028133	0.683081922384	0.744006104714	0.758815100441	0.746000159001	0.754841300742	0.796892078462	0.763538234252	0.755193503735	0.73339156752	0.749499391011	0.743792261949	0.728971363594	0.766635354541	0.738814359664	0.751964381913	0.744668071106
Fun2DMH6311	0.547229484693	0.508575092997	0.566277740686	0.565768702231	0.503745235662	0.569780305954	0.531847769791	0.503763470869	0.535156341323	0.589291595479	0.0	0.557033108513	0.570894053739	0.54879051836	0.503689056178	0.55802706394	0.546438926128	0.701469900682	0.546632411086	0.560291194875	0.552486591733	0.568205320226	0.551847190822	0.526915201702	0.643829372209	0.584088539404	0.586442543726	0.675958056119	0.649111229849	0.686155316431	0.6698550371	0.675328243989	0.661938740215	0.663713682394	0.643498320367	0.676310110289	0.66169736692	0.643406497994	0.671701060594	0.670469104574	0.638008733926	0.665808043663	0.555652887702	0.484564305276	0.498503142791	0.537326875024	0.486210115727	0.488472080665	0.513830403396	0.52702595218	0.534255732729	0.523769565093	0.536414378573	0.533001810943	0.531491902281	0.588618333857	0.575616619654	0.565241725415	0.575297678908	0.641111288554	0.600037626188	0.583925915306	0.581357963853	0.56753095179	0.615983823799	0.598291151574	0.57619597363	0.547615902588	0.524835605093	0.656222700203	0.690762686073	0.672627058949	0.647151505867	0.649872464088	0.673459401604	0.677456383706	0.637912323094	0.678713775456	0.656968854137	0.68173614218	0.649076095146	0.634743565648	0.644220637876	0.641456710124	0.644502630976	0.716065945298	0.719751127544	0.700432536293	0.673804455722	0.6827437783	0.668873957837	0.667272267862	0.704119990378	0.677987331544	0.64415630662	0.63586769828	0.658430932402	0.755999339553	0.740670848828	0.673769277327	0.739293376515	0.689714160921	0.681865002522	0.689456689726	0.598094294618	0.647413870661	0.713000651031	0.687642892926	0.729211825721	0.630161466701	0.713409063967	0.708186670391	0.694201029299	0.68551087648	0.805336470712	0.732905085263	0.772387838838	0.777069322009	0.861280794828	0.811238203376	0.818888148821	0.822109537028	0.788898441764	0.814739688255	0.787409611904	0.770772408229	0.770081479772	0.774726389965	0.759631020376	0.653169174907	0.646013174833	0.676847596593	0.609815907723	0.652180037282	0.639378372387	0.637683303664	0.640898185981	0.659123974496	0.611336561337	0.626306152858	0.63036158485	0.654911950216	0.705002494694	0.668289328163	0.64343941376	0.639321260286	0.633575509738	0.712097369529	0.646547663017	0.692968069937	0.655984752696	0.73158932387	0.643451911262	0.664164318869	0.629983430449	0.675769109945	0.607594289108	0.672800481343	0.607585072929	0.721935529125	0.735701130191	0.765568633733	0.718674259713	0.814627264934	0.770815245229	0.762583567832	0.748236894402	0.725935281139	0.736175065295	0.719083707065	0.765083231203	0.736903986308	0.7405495454	0.743640106883
Fun2DMH6312	0.570857669522	0.599572644706	0.565378072808	0.56458446725	0.518200406127	0.555174402914	0.599674525343	0.596182405843	0.562577897348	0.55958784126	0.557033108513	0.0	0.651402950354	0.545422652901	0.547519557124	0.564730510912	0.583493723167	0.643329917983	0.565526603335	0.55765871467	0.573928195623	0.598939277717	0.526401170545	0.551313559053	0.578525566261	0.573956993842	0.530357203131	0.615071190657	0.648375288402	0.636125071318	0.626019053154	0.612030183999	0.681636337923	0.613957175379	0.630760044275	0.638980379789	0.622189390909	0.62351834851	0.590457655673	0.613578762899	0.64811366841	0.621051847331	0.520573139715	0.54559543339	0.570021290267	0.538227574146	0.519532985311	0.596507979972	0.561844395691	0.635121163049	0.560419483404	0.545196405832	0.513815826162	0.578729882209	0.642657414424	0.586015641443	0.59736180709	0.644384229638	0.591725911726	0.589261774384	0.601064031393	0.570772050756	0.5867890154	0.593853088194	0.581957240575	0.581179492739	0.579149566815	0.586725206407	0.566737311848	0.671852433033	0.657530678339	0.664587486248	0.668552725611	0.675135418527	0.658880183302	0.62302055591	0.623881885301	0.669556440548	0.672148257485	0.620224800292	0.668874056607	0.672394795587	0.670476811219	0.681804932171	0.699291150918	0.699813421179	0.676894638456	0.668368495317	0.616989012307	0.661931397386	0.627017796337	0.68252813744	0.667276638108	0.675603581219	0.6357070282	0.642567534443	0.656430921606	0.717504073911	0.702170037306	0.643794060727	0.666432113363	0.647708886444	0.634404479335	0.676835510049	0.632582050802	0.668913265929	0.667216703066	0.673559068511	0.696158315011	0.63426718189	0.686692278359	0.660682459308	0.672270375144	0.658580713154	0.779498147986	0.72635417448	0.751879993383	0.780809520851	0.814733973129	0.777365498502	0.779015303734	0.770523770493	0.770090259066	0.755446879322	0.767441292517	0.76202437032	0.72602903611	0.725536329816	0.749744754011	0.678398318155	0.668691671844	0.674570976666	0.638836535666	0.630624485229	0.674673997314	0.651485947705	0.658336897928	0.6532404356	0.689132418053	0.674214870327	0.662428425187	0.661163512799	0.683742844487	0.65973395266	0.704361847255	0.648877281032	0.688787519215	0.669550160642	0.671750193124	0.656208387179	0.66161582365	0.69708530808	0.661820173934	0.663377344527	0.645845000843	0.649098134289	0.654866832544	0.687459666711	0.684654626439	0.736144766807	0.739857214156	0.708971392245	0.740685138336	0.758956219209	0.724514374706	0.745999705374	0.723796151666	0.746204758302	0.745980816324	0.722125999831	0.732811752156	0.7080375582	0.726781695891	0.711135673309
Fun2DMH63ZH01	0.56702263921	0.551661356819	0.590643710442	0.574340723805	0.564421052655	0.566334671275	0.527002714284	0.561174389125	0.570589070115	0.599546893104	0.570894053739	0.651402950354	0.0	0.563186585445	0.520177684574	0.558844580543	0.515365807862	0.718509907439	0.500976321836	0.571946253839	0.507078408181	0.509834300218	0.582262236033	0.529360665966	0.646923168273	0.58081983574	0.5528210347	0.665456737749	0.655125272099	0.693401679592	0.712411930767	0.683827455712	0.683624566444	0.68137596371	0.633421374381	0.695882305964	0.669949391769	0.629233400481	0.680290153784	0.709362079164	0.645563772198	0.664944404126	0.6652404738	0.606058166666	0.57741169663	0.606835424078	0.592606700522	0.597041105099	0.601039474972	0.55580531797	0.603089078004	0.55613261842	0.612667286754	0.562443021111	0.516061989869	0.563599959136	0.550210534706	0.545450194373	0.60588724755	0.66595260233	0.635772599931	0.571240206952	0.596784613277	0.558644459583	0.590436669934	0.624226082447	0.593321231011	0.541705718728	0.572901753519	0.674907973651	0.708882489381	0.638193509909	0.665292507151	0.683492568772	0.685140984701	0.705673450513	0.666875642681	0.675679549169	0.654223412212	0.685597508127	0.640143237803	0.647407205365	0.641954768969	0.649922628484	0.674561670407	0.749878283318	0.755410143034	0.729983398939	0.7241501222	0.724067592219	0.73954253719	0.716587219565	0.756105235123	0.722306078783	0.698889707299	0.686932278698	0.702857505382	0.779338960021	0.778203568335	0.70628715145	0.777274385103	0.751630857831	0.731643510988	0.710154244327	0.670191165807	0.69402564137	0.74846204587	0.740127450583	0.772808937785	0.695775398542	0.757553565948	0.737981452654	0.712567596679	0.745936437096	0.807743921076	0.758040074747	0.78689910969	0.789558020895	0.870153757289	0.815645350676	0.840593983016	0.837708797604	0.796795990973	0.824074996824	0.80668744563	0.765933912714	0.790292358461	0.800872693106	0.77646512781	0.684238594988	0.706052444771	0.704409802288	0.66162034445	0.70976158492	0.662008810566	0.67648986795	0.695485082379	0.708671607131	0.651898126539	0.680500807803	0.67927301523	0.694950728301	0.721811954772	0.699622045436	0.690637670971	0.69971785227	0.69446317316	0.757493135485	0.675765682926	0.762649731872	0.716663486917	0.780040972698	0.698341963526	0.721898632	0.663146367363	0.727645308242	0.676081391523	0.708833263135	0.644018343062	0.740827498353	0.755366695923	0.790275656977	0.733497076787	0.828211556338	0.784221152846	0.789189322852	0.759474245708	0.747647208085	0.755635391166	0.717383717095	0.764746770429	0.758350427477	0.754551031407	0.756334318575
Fun2DMH63ZH02	0.570304726971	0.56311514871	0.569584872236	0.576681965704	0.532125139571	0.55126077609	0.5891369541	0.600906635425	0.58021535249	0.598895146088	0.54879051836	0.545422652901	0.563186585445	0.0	0.47084450155	0.443230661126	0.534229106487	0.62875257691	0.46982459669	0.498446915153	0.505238992067	0.517778429278	0.473258377323	0.475832570007	0.528688527826	0.483339463229	0.444314207641	0.634995244153	0.650235374405	0.646450093062	0.623779768143	0.618480344443	0.653253639289	0.620713604329	0.626065408623	0.650971002564	0.616039525647	0.634169121834	0.621016485516	0.619926703201	0.641641635465	0.62044001697	0.569201725366	0.543693108826	0.585765636144	0.565536727981	0.532338493324	0.589954858565	0.541404391148	0.605789858216	0.54052983032	0.541506738113	0.500254601945	0.516462730598	0.580496554567	0.523262949908	0.560399168382	0.550548552066	0.508893172223	0.523557073034	0.511981533721	0.523576805342	0.538107478678	0.542441703299	0.536857459361	0.533434762059	0.507488863801	0.501771756155	0.483060024788	0.663737903396	0.660360991164	0.661992803165	0.654797559862	0.670764932752	0.688534879062	0.628000739902	0.63517458929	0.656841122391	0.677353102475	0.62015154054	0.669825599155	0.642875399726	0.662091426934	0.674066242946	0.688052275656	0.722580968959	0.715075186176	0.694281180787	0.668039095499	0.686923175102	0.678081234687	0.674498122938	0.693706411754	0.694934702461	0.662950498977	0.658505070602	0.668889358755	0.747541685721	0.727108810494	0.66922523261	0.719921137265	0.690774448906	0.688665148678	0.663162181233	0.626773590324	0.657319040083	0.682307180062	0.693445310983	0.714103268373	0.646720287756	0.704625435302	0.691823458663	0.696852107552	0.667506658025	0.775261494641	0.712234176942	0.752097881684	0.760026408368	0.82644558764	0.792690035964	0.78429900535	0.774776703423	0.768126216795	0.769793745704	0.772134812288	0.750651082916	0.754278671566	0.731427255494	0.757872520572	0.667703560824	0.667501720786	0.697256023698	0.665286186617	0.64342480273	0.669313115832	0.675062173716	0.647551651649	0.677312816586	0.658092410589	0.658266757886	0.653909383402	0.66212109572	0.699947983401	0.678350049295	0.688930014899	0.665849421724	0.681536745434	0.662191529998	0.673620565372	0.669360205991	0.673497488681	0.716848414703	0.672370039302	0.654612027631	0.638485555918	0.657443382561	0.625633687536	0.684686324336	0.663023531149	0.742685891948	0.735531345812	0.733712285498	0.723787244308	0.787262523423	0.750019448576	0.745531866746	0.733134104312	0.726710863307	0.739270761642	0.719039288109	0.725480580908	0.734172081445	0.719094789329	0.73639884573
