	Fun2DMH6301	Fun2DMH6302	Fun2DMH6303	Fun2DMH6304	Fun2DMH6305	Fun2DMH6306	Fun2DMH6307	Fun2DMH6308	Fun2DMH6309	Fun2DMH6310	Fun2DMH6311	Fun2DMH6312	Fun2DMH63ZH01	Fun2DMH63ZH02	Fun2DMH63ZH03	Fun2DMH63ZH04	Fun2DMH63ZH05	Fun2DMH63ZH06	Fun2DMH63ZH07	Fun2DMH63ZH08	Fun2DMH63ZH09	Fun2DMH63ZH10	Fun2DMH63ZH11	Fun2DMH63ZH12	Fun2DMH63ZH13	Fun2DMH63ZH14	Fun2DMH63ZH15	Fun2DWYJ01	Fun2DWYJ02	Fun2DWYJ03	Fun2DWYJ04	Fun2DWYJ05	Fun2DWYJ06	Fun2DWYJ07	Fun2DWYJ08	Fun2DWYJ09	Fun2DWYJ10	Fun2DWYJ11	Fun2DWYJ12	Fun2DWYJ13	Fun2DWYJ14	Fun2DWYJ15	Fun2WMH6301	Fun2WMH6302	Fun2WMH6303	Fun2WMH6304	Fun2WMH6305	Fun2WMH6306	Fun2WMH6307	Fun2WMH6308	Fun2WMH6309	Fun2WMH6310	Fun2WMH6311	Fun2WMH6312	Fun2WMH63ZH01	Fun2WMH63ZH02	Fun2WMH63ZH03	Fun2WMH63ZH04	Fun2WMH63ZH05	Fun2WMH63ZH06	Fun2WMH63ZH07	Fun2WMH63ZH08	Fun2WMH63ZH09	Fun2WMH63ZH10	Fun2WMH63ZH11	Fun2WMH63ZH12	Fun2WMH63ZH13	Fun2WMH63ZH14	Fun2WMH63ZH15	Fun2WWYJ01	Fun2WWYJ02	Fun2WWYJ03	Fun2WWYJ04	Fun2WWYJ05	Fun2WWYJ06	Fun2WWYJ07	Fun2WWYJ08	Fun2WWYJ09	Fun2WWYJ10	Fun2WWYJ11	Fun2WWYJ12	Fun2WWYJ13	Fun2WWYJ14	Fun2WWYJ15	FunDMH6301	FunDMH6302	FunDMH6303	FunDMH6304	FunDMH6305	FunDMH6306	FunDMH6307	FunDMH6308	FunDMH6309	FunDMH6310	FunDMH6311	FunDMH6312	FunDMH6313	FunDMH6314	FunDMH6315	FunDMH63ZH01	FunDMH63ZH02	FunDMH63ZH03	FunDMH63ZH04	FunDMH63ZH05	FunDMH63ZH06	FunDMH63ZH07	FunDMH63ZH08	FunDMH63ZH09	FunDMH63ZH10	FunDMH63ZH11	FunDMH63ZH12	FunDMH63ZH13	FunDMH63ZH14	FunDMH63ZH15	FunDWYJ01	FunDWYJ02	FunDWYJ03	FunDWYJ04	FunDWYJ05	FunDWYJ06	FunDWYJ07	FunDWYJ08	FunDWYJ09	FunDWYJ10	FunDWYJ11	FunDWYJ12	FunDWYJ13	FunDWYJ14	FunDWYJ15	FunWMH6301	FunWMH6302	FunWMH6303	FunWMH6304	FunWMH6305	FunWMH6306	FunWMH6307	FunWMH6308	FunWMH6309	FunWMH6310	FunWMH6311	FunWMH6312	FunWMH6313	FunWMH6314	FunWMH6315	FunWMH63ZH01	FunWMH63ZH02	FunWMH63ZH03	FunWMH63ZH04	FunWMH63ZH05	FunWMH63ZH06	FunWMH63ZH07	FunWMH63ZH08	FunWMH63ZH09	FunWMH63ZH10	FunWMH63ZH11	FunWMH63ZH12	FunWMH63ZH13	FunWMH63ZH14	FunWMH63ZH15	FunWWYJ01	FunWWYJ02	FunWWYJ03	FunWWYJ04	FunWWYJ05	FunWWYJ06	FunWWYJ07	FunWWYJ08	FunWWYJ09	FunWWYJ10	FunWWYJ11	FunWWYJ12	FunWWYJ13	FunWWYJ14	FunWWYJ15
Fun2DMH6301	0.0	0.547398962614	0.614315420741	0.484801404412	0.536319814061	0.548576062328	0.542754586492	0.647293964809	0.371927344188	0.574922261767	0.506826361385	0.946885817473	0.690667991883	0.483452747935	0.406411239827	0.555511127927	0.617583169324	0.985402954222	0.578440718225	0.549201308623	0.593878805275	0.705717113464	0.460799126957	0.462022336345	0.752017936768	0.508891608765	0.482282595629	0.51902595367	0.500091757645	0.653820582375	0.552924800996	0.676277002828	0.749447072215	0.562627196588	0.493545274267	0.704984618344	0.526152626904	0.542016087093	0.529096574722	0.59941364551	0.500408377445	0.497062360324	0.768798483639	0.692040702374	0.615274950503	0.441012312363	0.641717607578	0.531089356612	0.896045994073	0.585523516866	0.682490272629	0.620730995947	0.745271866542	0.704067537394	0.648366034828	0.516841643265	0.563336755099	0.481822012009	0.690049354788	0.928370487446	0.970749603189	0.529152325414	0.563755267825	0.491231893627	0.500169293022	0.78516639991	0.579880718088	0.573262518466	0.831266353961	0.556079833537	0.579299873482	0.479152357804	0.544983594849	0.552074105352	0.525736475861	0.701550501159	0.553507303264	0.546000883576	0.584801136644	0.579030472855	0.628991882279	0.571926226546	0.587639859587	0.517042477244	0.853928850022	0.778266876035	0.835254364827	0.649886911098	0.893118764832	0.735866735579	0.938227888846	0.702833737262	0.826145201667	0.74222789106	0.674316348004	0.57900977152	0.949196403971	0.79870928284	0.945392917734	0.958841430729	1.04977876346	1.06745602341	0.943583384514	0.943682155879	0.787805446406	0.639786688122	0.760852848066	1.09124630105	0.68501261097	0.806501769993	0.734865868156	0.8377785386	0.812618445751	1.0195027552	0.63334326216	1.1265237673	0.668620938582	0.724965356984	0.923125381256	0.845383712879	0.631774612598	1.09427209287	0.828294053863	1.25646936423	0.831891035708	0.944008997318	1.01898017525	1.07469443586	0.71476859333	0.59527389982	0.614456844371	0.540798617427	0.719578894914	0.621858247493	0.503163029249	0.650506474882	0.488182761924	0.760941473685	0.59311836828	0.572468130071	0.569627538648	0.582957048865	0.763545719618	0.52442122523	0.533709719474	0.701324817762	0.720321506562	0.918465059524	0.597816696892	0.963164720566	0.630563284537	1.02180923272	0.513372200664	0.717530140742	0.702966580014	0.813069938064	0.616506033757	0.63627836473	0.614012983441	0.542143826627	0.833202712776	0.994154883649	0.57957339073	1.22664054491	0.770548637157	0.919253100267	0.642663164167	0.489371219498	0.871699245192	0.66516144302	0.713737800966	0.664626802172	0.838791953584	0.667126232762
Fun2DMH6302	0.547398962614	0.0	0.288152648611	0.586800700904	0.262937608479	0.482581169597	0.324896224136	0.277721768105	0.448794514553	0.535869305977	0.238946926818	1.14541158979	0.39173748659	0.590027428343	0.56921591116	0.327625557184	0.334349300163	1.10446735272	0.276322562315	0.587577841466	0.328857901268	0.383203803995	0.711564109049	0.439608696186	0.991257945304	0.668812077782	0.510036550226	0.578993674877	0.610294455945	0.849557080843	0.78221182486	0.870612560372	0.897208291316	0.762003663415	0.410411277302	0.846447471738	0.488729308635	0.41774826338	0.469848263187	0.840074844963	0.556354036237	0.464730531055	1.00094240262	0.926006196347	0.347746805538	0.565659444013	0.834566401165	0.345881903913	1.10189295356	0.317866692584	0.899671462872	0.349680705356	0.891395467548	0.893581807511	0.346392215201	0.703881182712	0.34058343647	0.456068997534	0.835770686357	1.13646070555	1.15521779984	0.736332187241	0.543585293014	0.366216412162	0.586288393953	1.01169186759	0.738662725626	0.701610194782	1.04234377238	0.602818492923	0.796564110123	0.578089307452	0.567581472866	0.739290912562	0.680980638009	0.897199808673	0.697118057302	0.678932988277	0.310400832749	0.782244560037	0.368944398269	0.553362491	0.318638227529	0.634880531633	0.984696362298	0.941748474926	1.07535152393	0.850637649677	1.10602300813	0.849269019967	1.14861435542	0.812281102804	0.9954327395	0.887523147951	0.857876756266	0.704353024793	1.08516899779	1.0733167607	1.18457751493	1.09243422171	1.21654253827	1.18345190259	1.08771974513	1.08195492017	0.91871329013	0.720400948285	0.880369542286	1.2298369808	0.915750811794	0.968247594763	0.895805321785	0.969400378752	0.933491014876	1.20830052768	0.805131533529	1.27006036879	0.900595651635	0.883558180587	1.1375948795	0.997174140617	0.850215328568	1.33024999374	0.959128069061	1.49522880937	1.01796704407	1.11181968787	1.21564806111	1.27379292973	0.857413026652	0.802681494016	0.65623465376	0.645214916614	0.460543286392	0.850127800308	0.653298978968	0.358820243535	0.630266530799	0.937688363814	0.731587346207	0.596299437601	0.710143121939	0.551653190809	0.873562890702	0.651387586533	0.635951766784	0.904849674425	0.913414326527	1.12120490523	0.736418876465	1.10323913676	0.624269060667	1.23578371261	0.635551846178	0.885194316393	0.854038867075	0.945669382713	0.727319798764	0.380223448685	0.450858385117	0.51800099256	1.07255110073	1.22163015065	0.76323647851	1.48282020007	1.00358874914	1.12407736829	0.866112995628	0.662860995781	1.08402061891	0.88775417161	0.862294961472	0.454820559767	0.950495084661	0.841397410972
Fun2DMH6303	0.614315420741	0.288152648611	0.0	0.627967963494	0.368142217383	0.492484675472	0.377890606429	0.436319407494	0.436789794773	0.532935884731	0.286008052812	1.07917440318	0.436093564993	0.418348219406	0.587441708422	0.267000753683	0.375947036914	1.11328665789	0.384380816152	0.526882174882	0.307407381287	0.385569549089	0.685023452864	0.429450503569	0.949224480894	0.620661869868	0.430305539558	0.525819896663	0.581972127145	0.789479293027	0.753740899953	0.807837284401	0.731044179062	0.721906964574	0.337654743118	0.748823699424	0.452934201492	0.401855888932	0.423718753893	0.781019284568	0.524158055565	0.43087004938	0.984044875469	0.932355745874	0.415460084861	0.565588642945	0.803396327806	0.495218791512	1.05570214439	0.342251370451	0.84737998254	0.330563778546	0.861133068053	0.848653024901	0.403758108108	0.661030169639	0.319733972451	0.425163358673	0.660191021451	1.08382509641	0.987338647399	0.689163756283	0.470687014871	0.404578772943	0.528785862999	0.943768810548	0.651395348829	0.532434758589	1.0216815284	0.542876048924	0.740798013671	0.536625527892	0.526946831755	0.691975637361	0.613820174058	0.830737822495	0.634761817274	0.618895343879	0.295757016472	0.714094726444	0.332607247805	0.495245592427	0.34767593152	0.586158467816	1.02412400587	0.943967101466	1.02589793758	0.824636146628	1.0933062626	0.858499860674	1.1395213533	0.827202563963	1.00186397915	0.888349900383	0.859961905738	0.794644891949	1.11420282519	1.03538711441	1.14467426307	1.09613221667	1.2211189564	1.18186490053	1.11029938946	1.08695022578	0.954389194413	0.751464958781	0.911994762898	1.2711766736	0.859108654046	0.997711277204	0.921021950354	0.990292565736	0.936815069904	1.19298515068	0.80882004114	1.29579692529	0.868680951964	0.889839271533	1.11024764496	1.01453008425	0.799699991743	1.27615849303	0.970900845568	1.43657322256	0.982117868094	1.11063130552	1.19391624465	1.243603897	0.892274875985	0.759635716334	0.704259727013	0.690961371744	0.508715541502	0.802085176737	0.65328927572	0.46090350001	0.606468686077	0.946348311719	0.802278219933	0.693729772142	0.757400519718	0.561061858459	0.884104411476	0.70317926239	0.671238659825	0.88837501819	0.967522618545	1.13763075932	0.834427726077	1.14600127529	0.679659224384	1.17338373389	0.707809896933	0.889121149431	0.893402724337	0.976879953465	0.861225462618	0.451893331209	0.550355631843	0.490063047781	1.01592339362	1.16421074291	0.756594742403	1.42581801519	0.956553593489	1.06978148352	0.828318003374	0.641686690394	1.05523736067	0.853356297605	0.908535281058	0.48755400785	1.02028120633	0.86621166084
Fun2DMH6304	0.484801404412	0.586800700904	0.627967963494	0.0	0.63757741274	0.496014149546	0.553837151877	0.697105167573	0.444457926833	0.500318790406	0.625375423828	1.01493494848	0.755467992114	0.532914032864	0.542711834098	0.647759395763	0.741559879006	0.868076818527	0.692427296091	0.626089537802	0.641321141971	0.740458705935	0.614690522663	0.63383218055	0.816973402933	0.590135351283	0.537706391847	0.672439996377	0.641571284654	0.745369155484	0.692365276142	0.781641903302	0.824187678662	0.650741532685	0.599633701837	0.768290816012	0.65100562707	0.610048510082	0.66999134731	0.706594894686	0.60232714875	0.606381649812	0.84810548721	0.734784307028	0.637573642708	0.482379580745	0.772373784102	0.66461458182	0.99253603066	0.666935403236	0.705276368008	0.699957475565	0.778721664024	0.805196975258	0.728466981334	0.592677814393	0.556225361584	0.612704768626	0.724838976961	0.995972197008	1.05809599864	0.626373840666	0.633748540573	0.55746111905	0.564889760016	0.852742952452	0.624968910731	0.620663456029	0.940710159835	0.648218937122	0.58393034053	0.563266498386	0.68650750012	0.665609719704	0.60139463489	0.775664418017	0.649744370209	0.644503102717	0.620053020789	0.636454935591	0.717750964021	0.692651781547	0.674196986339	0.65045197815	0.897887273372	0.815599879327	0.902622444088	0.664753968951	0.913890623014	0.743928922507	0.978585839984	0.725065688802	0.879395753904	0.731827602643	0.730438168976	0.678933142875	0.945749310057	0.933687172992	0.952384271222	0.940889798891	1.01709815846	1.04761704529	0.934084629293	0.905963434049	0.829213164425	0.678636131929	0.761535734728	1.04078642929	0.769738466145	0.853631862229	0.786543777999	0.871858633357	0.798621188189	1.05171895291	0.663227769508	1.14866803444	0.733428549189	0.706520631259	0.995083019316	0.86797209405	0.693268918348	1.1460238004	0.832520101355	1.30962444488	0.861105265711	0.973509605718	1.05063344902	1.10216024841	0.730504160925	0.693590172334	0.666910900063	0.615677100399	0.782710727757	0.734908939693	0.595663686254	0.730285769897	0.627803280553	0.705313551531	0.619987174274	0.601335919896	0.621744435296	0.604329862086	0.733470646641	0.552678702297	0.620905790057	0.784238446221	0.819080197289	0.911749049379	0.639692994349	0.980879322712	0.689732719428	1.07798206987	0.554639006371	0.722590263733	0.690301011473	0.816978155174	0.646387536359	0.710311357099	0.654594648443	0.662530074538	0.927453824483	1.09733630939	0.704770711233	1.34245031591	0.886631018796	1.00614918221	0.742931162273	0.621369592372	0.975645395273	0.794922549072	0.503825062057	0.734873610534	0.88644871417	0.739805319608
Fun2DMH6305	0.536319814061	0.262937608479	0.368142217383	0.63757741274	0.0	0.475861445528	0.365002557879	0.268649330519	0.444014127866	0.56908959497	0.33100661609	1.18126253357	0.257414738542	0.627934053189	0.590741758959	0.335622372862	0.206031816819	1.13613674397	0.301378543405	0.614002264091	0.254014396133	0.264139561361	0.707760046602	0.432387301103	0.971119125809	0.68772284038	0.511335119589	0.570410216209	0.605248789822	0.837337682983	0.756199368704	0.8626363371	0.924828910303	0.753772115586	0.4584162019	0.87415688024	0.483151690585	0.411268522952	0.46339430612	0.826221687891	0.558697241309	0.50499017293	0.983974471362	0.927832706269	0.396407834637	0.621026880228	0.827718298342	0.383151112457	1.10255557312	0.22098406815	0.874246870379	0.247011125843	0.933578947317	0.882698962763	0.217021712128	0.694168414546	0.423845013272	0.43685355821	0.866464005732	1.12520304033	1.15345837399	0.707431388244	0.558722844152	0.360086804884	0.582733605383	0.988019368702	0.786150379008	0.760436452621	1.0297812642	0.595029640151	0.780160923686	0.557008055329	0.557155129786	0.727680139109	0.699384686451	0.874148475384	0.676877345517	0.659180994329	0.304745997298	0.754865029967	0.278417239467	0.530483701644	0.265819728133	0.621541497076	1.02020294644	0.957371377382	1.02852245392	0.852543979196	1.11889467947	0.882661567215	1.16778993541	0.849208495739	0.988529553898	0.897955627641	0.867550987445	0.727866274566	1.10610897518	1.0341508012	1.18478122808	1.10007061372	1.22638417176	1.21370515153	1.08283806079	1.10059777741	0.944174036491	0.734073846867	0.904747291257	1.24089345838	0.918174995286	0.985011280864	0.868644986031	0.989059344026	0.958764330856	1.2137620927	0.821428135047	1.28803111213	0.918042432917	0.892666133139	1.16758467552	1.00320982028	0.869725394733	1.33219418731	0.986603553379	1.50088440873	1.03529437325	1.12750170152	1.21954271617	1.28248279036	0.884401512691	0.810166617617	0.674176622396	0.637467485714	0.482293186049	0.816458198885	0.61575744584	0.369535954347	0.602366119487	0.943304688148	0.73790266118	0.64153455423	0.733567189523	0.559221348988	0.931448358826	0.656873937983	0.616342992397	0.942669089778	0.905308560784	1.12152710608	0.735414885845	1.1359233258	0.641754340986	1.25342589067	0.624141989737	0.900907149674	0.884953671762	0.958480857487	0.776422639433	0.391386614628	0.496232704177	0.511458855091	1.04000381392	1.1864989851	0.769845208042	1.4475539672	0.97168574256	1.09722702894	0.844496724297	0.668425117175	1.07461809388	0.866349773157	0.879016334221	0.431149888819	0.977326057966	0.807678768677
Fun2DMH6306	0.548576062328	0.482581169597	0.492484675472	0.496014149546	0.475861445528	0.0	0.353670985999	0.503361496293	0.392565531653	0.395974143827	0.460941846503	1.16121131371	0.554236099474	0.517419922941	0.524825554393	0.522502092918	0.559222488419	0.932090175169	0.510538716694	0.623350669503	0.459412147184	0.600444749041	0.663696810622	0.444671814992	0.893227201366	0.684332740238	0.48001225185	0.548504056612	0.588998489081	0.821525923888	0.76187024909	0.843657591458	0.931522395236	0.694902419635	0.473008625842	0.880141167505	0.481560677452	0.421464274001	0.493523602672	0.811143715949	0.484495953133	0.515340326204	0.957890986536	0.906439812198	0.502504010751	0.647125009238	0.825945567386	0.475972237173	1.07148167228	0.482788946803	0.775119883335	0.507841069185	0.875544059249	0.866800910772	0.520504496468	0.666828419384	0.446168487458	0.459845936904	0.845958758009	1.10650986541	1.16971806155	0.708503010345	0.565442701326	0.3970587795	0.530682923418	0.938710267639	0.773203311386	0.70996637016	1.02056809622	0.595670229879	0.668913788484	0.495805155552	0.548537639329	0.721140364721	0.696317934734	0.859775626106	0.664917369919	0.642760047243	0.492046638685	0.740536356039	0.552329360222	0.536131157894	0.509053166251	0.631086564021	0.918253435631	0.8972931332	0.979798072258	0.732931529711	0.966392373061	0.786107396032	1.00938156414	0.77660914475	0.951711846599	0.775712859222	0.789163902832	0.684674156939	0.977564098166	1.01406861108	1.00585882731	0.967957377708	1.06480904611	1.09114233267	0.941993957559	0.958888762885	0.825500511792	0.599551467488	0.785843161851	1.11449867204	0.817193274991	0.921225332117	0.846707778739	0.876587300887	0.840710737187	1.09538657393	0.708878035272	1.18779804239	0.808598275573	0.764412973255	1.06344131384	0.909013130688	0.772235631622	1.21766340233	0.883020099295	1.38109315935	0.926853720512	1.0164059836	1.09334025553	1.15685184986	0.783710137969	0.748334631017	0.588520075036	0.602301393595	0.544431770055	0.802232477373	0.583177971858	0.511015948239	0.581716160277	0.733617437068	0.634329425371	0.571726316224	0.633652241121	0.427679677456	0.807522618054	0.581906963927	0.592002372559	0.837999462052	0.9072469699	1.06333676264	0.735380850954	1.08450017921	0.548884733882	1.14581809417	0.604470771106	0.762302647863	0.788688819808	0.843588128399	0.704646117532	0.498546038371	0.438324558652	0.509752545594	1.0213627589	1.17329918979	0.753985632021	1.43206473597	0.951914410221	1.08201195076	0.816442065595	0.644008594187	1.05123649795	0.849501442484	0.718393728251	0.553808687389	0.909140273394	0.800023864274
Fun2DMH6307	0.542754586492	0.324896224136	0.377890606429	0.553837151877	0.365002557879	0.353670985999	0.0	0.38471637957	0.403687281289	0.504996434531	0.274130034934	1.17152581262	0.430477938622	0.582252695213	0.525554218131	0.397875432216	0.420167738674	1.09011153499	0.346903343185	0.620936252185	0.36055763884	0.465996494949	0.674989627525	0.446352118309	0.981656657355	0.696154497848	0.490635274517	0.572683502888	0.606122623858	0.852479638216	0.810845953957	0.873875299367	0.925333813101	0.757256201897	0.462331049935	0.883715974013	0.483364072622	0.38054264938	0.458971740181	0.828584939649	0.527601421048	0.527010925855	0.970666336581	0.916825216595	0.372862501116	0.635426262139	0.818662684789	0.371788317469	1.0751014442	0.339363121752	0.846476697392	0.391117633015	0.898378850775	0.903052474009	0.383715345133	0.691643439047	0.367617063182	0.461799473924	0.855170280051	1.13640979023	1.21256407503	0.765429528561	0.577828030175	0.344690885268	0.566614717954	0.979765492239	0.779625780457	0.709982376042	1.03864719312	0.609859305306	0.747071209261	0.547249001928	0.572046001707	0.750632638	0.706738529671	0.895858356645	0.705148079986	0.684568445992	0.363706741941	0.761670501938	0.429411514501	0.561921993786	0.367018855354	0.636784236939	0.962356817567	0.925603070678	1.03298625994	0.782258718697	1.02937641738	0.847784796819	1.09252940748	0.830410611703	0.99012182282	0.831851904295	0.817098885952	0.732232700845	1.03123909536	1.06044254297	1.10414402277	1.05493050884	1.1162542244	1.15579546276	1.05486538379	1.02635615887	0.894846821895	0.657711906331	0.848807645136	1.19950464636	0.884280548735	0.961871168505	0.899028601385	0.958594562803	0.901540472023	1.14396036184	0.737832443969	1.22027565117	0.847993247935	0.808490957514	1.11623601255	0.963346832512	0.814211071912	1.26907234914	0.943456194379	1.42545505739	0.963549309829	1.04843625132	1.13027052477	1.19252077977	0.821120935703	0.808207534874	0.625297423174	0.650217638038	0.494730072276	0.862999887085	0.63106304855	0.425062130862	0.627602547838	0.881747365603	0.645341367221	0.613620471278	0.657924231179	0.474682578923	0.843731545131	0.636727289865	0.642693283694	0.881090706447	0.941849138481	1.11877954088	0.7673620217	1.12210950239	0.613318674618	1.19643753087	0.641423906844	0.824746319089	0.870465223682	0.929498336025	0.755238187829	0.4188281583	0.399515123973	0.546281729693	1.05932031377	1.23092191243	0.799136771268	1.47271084615	1.00517949174	1.14318718983	0.86694537067	0.672670291567	1.11037357617	0.908661301144	0.867082118857	0.497274235621	0.978120845436	0.845614504313
Fun2DMH6308	0.647293964809	0.277721768105	0.436319407494	0.697105167573	0.268649330519	0.503361496293	0.38471637957	0.0	0.562235089514	0.612566901886	0.354079683913	1.31311891563	0.306156331017	0.709709455091	0.672452811842	0.462961133698	0.311189077326	1.23670240209	0.363374322027	0.738512109668	0.389466203494	0.363620762723	0.800774573823	0.551023772978	1.10622921444	0.802495829919	0.644099358095	0.657370043157	0.717160247177	0.934876275579	0.8899292032	0.956520960774	1.04075923196	0.853024574723	0.569454731222	0.992400143874	0.58444185813	0.513215935559	0.54251844612	0.951167178733	0.646066589385	0.621176116529	1.10451365308	1.0122822005	0.469095086315	0.718830663198	0.907730096096	0.42425204633	1.20142538508	0.355094169889	0.984300778409	0.37653972253	1.03962553187	0.984808595311	0.309566158356	0.807336210261	0.485693239966	0.57909937366	0.982041014368	1.2294650913	1.30307277904	0.835774282867	0.693033858619	0.491753952504	0.710649010025	1.10213890479	0.905395886881	0.844103843033	1.14031924093	0.722284751092	0.886416274195	0.660200285756	0.660158197396	0.830953273669	0.82121609694	0.99464166843	0.790733001799	0.77321427694	0.435643033943	0.891208813266	0.418891954169	0.653876309014	0.382218300122	0.741908955462	1.01886284296	1.02755795445	1.15579724553	0.905475154696	1.15509123453	0.896608231162	1.21477772129	0.879284638543	1.06380406535	0.91481860081	0.930348296597	0.762377342256	1.13169793395	1.14612541189	1.23205416646	1.11818370004	1.24956452702	1.22333811077	1.10980326524	1.12047320786	0.936368047202	0.744466826086	0.921217075573	1.25493595671	0.962644541269	1.04619360693	0.954297918656	0.996856793368	0.965554458366	1.26335787183	0.858847801729	1.31580668636	0.956122105017	0.9308341603	1.20409961075	1.02386265868	0.909478780914	1.38213166775	1.00580417708	1.54374125341	1.0721657872	1.16372090866	1.26755289093	1.32216630929	0.907102558824	0.886989785255	0.704436368195	0.750062786897	0.490348428759	0.939671845805	0.731808621513	0.39071193505	0.716249717515	0.978172880821	0.771099351977	0.660062361519	0.762092656457	0.606386159763	0.957618383793	0.750695363452	0.740668367868	0.98551647009	0.995862325285	1.17978541255	0.824329300009	1.18290113342	0.676623034421	1.30245828651	0.72220849877	0.943169647156	0.898647130444	0.990805095893	0.767566196972	0.426579008099	0.477959398618	0.615074654594	1.15008103318	1.3023116736	0.851278124245	1.56047921349	1.0868595969	1.20472360606	0.963488658496	0.746391106864	1.18919453288	0.973379220662	0.889279854143	0.512515350618	1.00359024852	0.919685000849
Fun2DMH6309	0.371927344188	0.448794514553	0.436789794773	0.444457926833	0.444014127866	0.392565531653	0.403687281289	0.562235089514	0.0	0.360481147091	0.397479058394	0.917765785217	0.577718404699	0.425362799391	0.44082732943	0.444612050451	0.491767059709	0.957016907263	0.534443291275	0.483547916254	0.426189205918	0.5600646414	0.545706356164	0.399115379744	0.760391926935	0.54741879159	0.32771191426	0.439763296787	0.474614636338	0.697417016385	0.651571502751	0.733372702088	0.792606757596	0.617848290329	0.394789590296	0.734862744856	0.426444978967	0.420474990834	0.432409523872	0.673590211559	0.40614429407	0.401360199821	0.804803990642	0.740269857719	0.511414610397	0.422410000093	0.696444024974	0.479992314332	0.936653652213	0.461642514811	0.699653401561	0.474226151126	0.756016421773	0.755475082821	0.544674542382	0.531634442925	0.365631908925	0.389201064764	0.697073140249	0.947567366081	1.02112914493	0.572266639108	0.426630256634	0.354807486149	0.392437106345	0.810161508405	0.596715028791	0.593898134535	0.894183849536	0.451215980335	0.552257331803	0.381523206657	0.462182774938	0.606702634079	0.557765214197	0.731859318636	0.544581950011	0.528344684637	0.431964667412	0.589155113949	0.500384558757	0.470034617497	0.485948236499	0.509071000313	0.955409561383	0.796712808032	0.873337623658	0.711872468359	0.959591680064	0.781394586269	1.02958395571	0.741205468523	0.890012096322	0.794564910314	0.734513732418	0.683305016189	1.01312526092	0.903774989619	1.01591002675	1.00874252109	1.08374781369	1.0850510195	1.00899512858	0.970005455765	0.882186027368	0.663346905913	0.828399415679	1.13996146257	0.78351576181	0.862640230798	0.802327411546	0.926365977856	0.856371771364	1.0916217474	0.714186559333	1.21334147069	0.750123223711	0.787353538565	1.02410430529	0.926787086437	0.707845862298	1.16704106274	0.891053591307	1.33253008304	0.896211395915	1.0225333669	1.08783464639	1.14365543579	0.798682103445	0.67039908944	0.611011080217	0.544829393236	0.659835537305	0.690191333035	0.511422604765	0.593533343312	0.475443860143	0.825581924179	0.670218345284	0.585896031984	0.662669212784	0.500229385695	0.760177041335	0.5532643661	0.536437279141	0.793710342083	0.813512945038	0.956874245933	0.673248307599	1.02306167084	0.57331429233	1.0875507316	0.542982750531	0.77704961885	0.784181893687	0.863982201617	0.73192176113	0.564255450666	0.55068488175	0.400386148306	0.892717282702	1.0514625272	0.652376503271	1.30480744647	0.843252396913	0.960618004719	0.708911323265	0.521867272208	0.934315814594	0.745847878635	0.778899668281	0.595106692174	0.923688869618	0.743270927573
Fun2DMH6310	0.574922261767	0.535869305977	0.532935884731	0.500318790406	0.56908959497	0.395974143827	0.504996434531	0.612566901886	0.360481147091	0.0	0.532087540327	1.06642654889	0.60280059112	0.489956735679	0.504472304768	0.547493453011	0.537266867943	0.786862773401	0.58369314579	0.581792695548	0.502228932118	0.61879394142	0.657440855504	0.513056148624	0.757669928708	0.658012566749	0.447263717043	0.530537943587	0.564019296054	0.774746821246	0.749518941453	0.805911885848	0.89708806141	0.666255121693	0.505734889511	0.82655832094	0.504726559748	0.475458521471	0.534416093025	0.782614135381	0.469069240399	0.505979403495	0.903651036268	0.873078466106	0.569235014113	0.537949199859	0.807760761089	0.547669265271	0.968448650366	0.545685251482	0.751421058902	0.553076525429	0.838844955047	0.832157006759	0.579930332533	0.626546302636	0.467414702105	0.507165748651	0.804615934659	1.03381465368	1.12727411908	0.664971284489	0.512975299231	0.449725137563	0.464176807702	0.848090416107	0.696207817816	0.683471172347	0.982120317484	0.54417288087	0.614652842996	0.490596476456	0.542120736614	0.682323265249	0.663042872757	0.808318655094	0.614638346774	0.602456457723	0.534484082275	0.682394295301	0.585501452369	0.546938446571	0.56617401054	0.607039607991	0.979639544506	0.845351341292	0.959181813525	0.753495243273	0.934655768395	0.796543768904	1.07179972141	0.77131939178	0.930885561607	0.818355352131	0.787553526076	0.713378136929	0.994576227819	0.985444476171	0.972315616343	1.01629376908	1.10942363685	1.11100490496	0.999065860196	0.981142759143	0.921072236346	0.69016269638	0.84325058438	1.13615853238	0.832268092502	0.831632263503	0.831213798226	0.936043827086	0.882061375397	1.15483797614	0.755102424518	1.24492219565	0.825007546292	0.803496350342	1.0622256648	0.941519598163	0.777358293249	1.22677530538	0.897114244059	1.39449412744	0.95238139615	1.0670628836	1.11633609496	1.2022581101	0.813680970443	0.763158354226	0.644804517412	0.615000524067	0.684905089676	0.782847102238	0.588506503766	0.622649415315	0.594252429999	0.799544709577	0.695043109028	0.649720432313	0.705268478616	0.541301053578	0.805728423732	0.586692122968	0.619854205561	0.867745632329	0.929776139331	0.997631934697	0.753688984994	1.0931059224	0.603940044668	1.16256816365	0.610060500043	0.794161977597	0.762054248866	0.905256883294	0.779638938234	0.594047058573	0.602576302334	0.499778497806	0.985159917055	1.12927349821	0.750589325457	1.38580991197	0.92986086996	1.03821268282	0.806134959394	0.633477215295	0.997069694091	0.836546134269	0.76687460102	0.608536777184	0.927953599207	0.724345368523
Fun2DMH6311	0.506826361385	0.238946926818	0.286008052812	0.625375423828	0.33100661609	0.460941846503	0.274130034934	0.354079683913	0.397479058394	0.532087540327	0.0	1.08596620343	0.424047866538	0.464445258075	0.503101500027	0.296373264985	0.352035121655	1.09196147437	0.33305946274	0.520035810013	0.318036502523	0.40161756529	0.637242745211	0.382959398222	0.935301101688	0.602820855207	0.442534895695	0.502611484472	0.54821753609	0.772622408875	0.723573864204	0.802599380863	0.804375274856	0.700428073224	0.337117046085	0.760960142125	0.421186060738	0.350463633949	0.389651652584	0.772358730254	0.484214423873	0.394663802595	0.965920214077	0.897710542412	0.359655921698	0.562239680086	0.747460955729	0.351819849666	1.04730071887	0.316579523935	0.836569972896	0.330446252609	0.817391078	0.827297188213	0.373682986985	0.642835227391	0.277796363857	0.398835627526	0.747841834522	1.08311775337	1.07232179051	0.690288436665	0.476215030971	0.354546699398	0.522931538225	0.944145065025	0.668363160009	0.604922706991	0.993546839634	0.537235284555	0.730360987382	0.523525001804	0.498237871817	0.67193231674	0.604020164946	0.831954316646	0.631390610972	0.619549250492	0.30162220164	0.720213276748	0.358134219609	0.487879444493	0.323872604795	0.567722931842	1.00084711562	0.930243900838	1.01669710937	0.820193283493	1.09124791624	0.872556472755	1.12956659412	0.836890795478	0.971142786831	0.889551515776	0.827810596014	0.704625109734	1.09676424713	1.01718516169	1.15339576622	1.10266450049	1.21546484489	1.20361698273	1.09132597945	1.10673442527	0.918844307334	0.722853678683	0.894370206619	1.27061425294	0.880586094821	0.966580351013	0.881620087962	0.973563608824	0.950173379885	1.18364774311	0.793486901625	1.26973147673	0.87363933624	0.883952333093	1.11803595037	0.996432247115	0.82578166279	1.29904815081	0.984143105099	1.45608454324	0.992717497276	1.09291959661	1.19755743888	1.24518586867	0.858238328017	0.762071978065	0.660693548205	0.648656605654	0.500775830466	0.795488116685	0.608919713707	0.414106513921	0.573036712794	0.952149145111	0.724679168729	0.654681791339	0.717383880318	0.549318049174	0.914853178888	0.657136134735	0.617682384212	0.881657356347	0.911694421705	1.12296573157	0.769942251984	1.13157122397	0.633501894704	1.20232980042	0.665388038971	0.879022537575	0.898821637432	0.976500712524	0.794327311344	0.422364034344	0.474321272597	0.493490896864	1.01063913028	1.16530357531	0.722250422313	1.42088337472	0.944929140692	1.06569958582	0.81887256693	0.614896844644	1.04531312577	0.832063540864	0.906964477483	0.470337438408	0.964461654939	0.826837862056
Fun2DMH6312	0.946885817473	1.14541158979	1.07917440318	1.01493494848	1.18126253357	1.16121131371	1.17152581262	1.31311891563	0.917765785217	1.06642654889	1.08596620343	0.0	1.27316891865	0.902777021272	0.986662536433	1.06803771588	1.16794348273	0.883370029968	1.21059433742	0.981967703637	1.09503345323	1.20426860814	0.817605199033	0.983627483858	0.685885984086	0.732842891346	0.881059134427	0.940821358781	0.869543459554	0.652982357243	0.728566409626	0.68355109861	0.726781587639	0.743939701418	0.971212611762	0.696580095387	0.944347003841	1.04496329626	0.97274734243	0.811419585391	0.93254544174	0.892472649098	0.614552396632	0.761563633921	1.20224378905	0.785994717093	0.652043148898	1.19516898113	0.556963947362	1.14223043518	0.827355565785	1.11196226391	0.576837016312	0.636796450548	1.22301649272	0.760516825786	1.07318811238	0.999508190573	0.745958335974	0.474288871123	0.481194852161	0.745117483339	0.853647569742	1.06857650734	0.860375230779	0.614260561458	0.734613950009	0.90524274168	0.552547041225	0.846244738371	0.820636383582	0.931209387681	0.91319805613	0.768501197324	0.763379044771	0.642409772109	0.800868943276	0.815850506091	1.08515555963	0.720345738719	1.1080392384	0.914524163105	1.13702857721	0.833160579909	1.17681550425	1.05531462509	0.955752464104	1.09635205658	1.12000533869	1.19284958478	1.04807326074	1.16212402236	1.0941847596	1.21168445533	1.10555024471	1.21828895768	1.14925245423	1.00899722022	1.06655696815	1.18980173573	1.10700516331	1.14565355323	1.18210592689	1.1417145001	1.27670155205	1.27445782283	1.2705076193	1.15073756028	1.10914500455	1.08908247546	1.17094013066	1.29100978481	1.23055654284	1.11485793626	1.19811208359	1.1969432261	1.0686145256	1.19058512451	0.90563242735	1.23010773867	1.1400002272	1.05391801375	1.17115431817	1.18542668912	1.13663452906	1.15302759001	1.10729379879	1.13317414452	1.20461561543	1.05019857264	1.24390796262	1.13446953023	1.35165647035	0.839468997266	1.07764346741	1.30704415218	0.948793035691	1.15626596966	1.20021522009	1.23174395044	1.21101982918	1.21355718242	1.1298558665	1.12543559524	1.13526589681	1.14453726209	1.06521018646	1.0158089233	1.11874794864	1.11070713255	1.25673408661	1.12172239851	1.15411663153	1.14729896413	1.20657320843	1.20746898531	1.22034996357	1.28330872961	1.29658137023	1.03811402735	0.691970516006	0.537599916628	0.888842352009	0.827347078722	0.78905902677	0.579820791275	0.818676205555	0.963899671985	0.612024019368	0.884654530189	1.13041085504	1.26015513232	1.21175434382	1.14677432598
Fun2DMH63ZH01	0.690667991883	0.39173748659	0.436093564993	0.755467992114	0.257414738542	0.554236099474	0.430477938622	0.306156331017	0.577718404699	0.60280059112	0.424047866538	1.27316891865	0.0	0.660149721772	0.618702044148	0.358050061134	0.253750968506	1.20460798892	0.312913440427	0.648633812686	0.30489160236	0.149150716231	0.755215270218	0.4706276933	1.04002107642	0.725140383104	0.545963783911	0.604268261529	0.651928349968	0.878673423338	0.836633146355	0.894113327637	0.977607530639	0.788373457617	0.523288974733	0.931768143996	0.517990528372	0.453960020701	0.499153468267	0.878590932737	0.588422987699	0.572026643274	1.05468209725	1.01807523439	0.478071584754	0.711578690778	0.889563741815	0.461550003027	1.13402164195	0.282637824149	0.919656157076	0.290244709294	0.975426201876	0.902811698487	0.23225346214	0.713281295778	0.470372338134	0.490445552741	0.89871526654	1.17538264943	1.2291072548	0.767562483334	0.590602581146	0.419279124271	0.611965522001	1.00738973696	0.820560414742	0.796804832669	1.07744192998	0.641397223118	0.820511501206	0.606793861563	0.591598487654	0.765213263791	0.748822094588	0.910010319449	0.706107858961	0.696108634852	0.356370876197	0.796436900645	0.327162604479	0.572132137331	0.309827596002	0.669343146463	1.08131644969	1.03668742979	1.09947814892	0.929262882232	1.2079898244	0.938534828099	1.25009896853	0.91742390576	1.06408497114	0.953436575363	0.948620125203	0.780090059299	1.16690747144	1.09255790583	1.25868790956	1.15510112425	1.28922349121	1.26433540971	1.14517573167	1.16684889754	1.00341773471	0.796726743858	0.957420351426	1.33551327086	0.985371636574	1.05806238197	0.906428259517	1.0489820358	1.01169298903	1.29163854829	0.889961215158	1.34419455953	0.992007706702	0.962064136863	1.23074173596	1.05093691072	0.940486403386	1.40470813372	1.04171662747	1.56356967265	1.10480419247	1.19738909695	1.29490158723	1.35104415681	0.943981566166	0.896763874917	0.744179097809	0.69570625876	0.550704791793	0.885391907001	0.688804428335	0.439493321216	0.683356931984	1.02436389106	0.819488487854	0.754455944946	0.80505918007	0.646264716785	0.996817518117	0.723443128916	0.682915695205	1.01647962819	1.01643520849	1.2276142355	0.830076846888	1.24130889926	0.695574252768	1.31580672383	0.708562276306	0.973556191759	0.992891728462	1.03586453335	0.874935464713	0.453130014495	0.577545118354	0.583386421781	1.09694326644	1.24520875086	0.8307864598	1.5045368157	1.03218136776	1.14563130559	0.907049679569	0.728453935626	1.12433545713	0.923652726747	0.975851415426	0.483755623258	1.02854743764	0.865649606628
Fun2DMH63ZH02	0.483452747935	0.590027428343	0.418348219406	0.532914032864	0.627934053189	0.517419922941	0.582252695213	0.709709455091	0.425362799391	0.489956735679	0.464445258075	0.902777021272	0.660149721772	0.0	0.375234624985	0.459879783688	0.637039447517	0.922961833999	0.602240238815	0.410380118831	0.481471990096	0.600027621654	0.441743407492	0.457147353698	0.693264577604	0.410525902564	0.329181252762	0.464208385394	0.441438284415	0.588884612496	0.549885908691	0.620239519121	0.560071526907	0.523986439669	0.365291691371	0.553639415428	0.469807304234	0.503580065188	0.468556040181	0.586550524695	0.441164918707	0.385504709417	0.778181273323	0.707112195364	0.624627621308	0.394555863344	0.614654021287	0.608935724816	0.86368537135	0.588565437855	0.66591331488	0.568794777133	0.654950525901	0.65024036863	0.628297348304	0.449583791329	0.464648915536	0.447449844668	0.457499582267	0.856102674024	0.792216694908	0.483579015741	0.386596607996	0.483418848398	0.344827829614	0.718233329494	0.449069085748	0.356164418847	0.81465918376	0.445100804772	0.498573838495	0.42009636489	0.48033130109	0.503430653549	0.42798655215	0.641645564794	0.442177457186	0.451313347853	0.523128861112	0.506210892581	0.56713980474	0.478356786579	0.57225107171	0.433693221419	0.953405264798	0.844505151096	0.877443037247	0.732329612482	0.977825460688	0.801659284423	1.04586756816	0.773218363509	0.879426163857	0.814137795569	0.772611598738	0.678048181819	1.02671139845	0.872558943483	1.01640728017	1.01986749843	1.11237082814	1.11820633694	1.00988930287	1.0113300386	0.883940631751	0.700935458344	0.823611416556	1.17831916185	0.751531204766	0.896329628424	0.780867246928	0.917799180067	0.872944485542	1.11168366816	0.720914586779	1.2121306354	0.732932248301	0.798182543523	0.971106916608	0.908751267493	0.690288898288	1.13151795588	0.896489668219	1.28912016873	0.898207799858	1.02770786994	1.10825531162	1.14999604691	0.795885402328	0.632810995294	0.674968243964	0.565826621224	0.778440841191	0.612951799365	0.530242127583	0.719505514871	0.474165688387	0.864529258127	0.717414847663	0.656396040756	0.676963423602	0.644430435008	0.829996556247	0.579714451016	0.548017908421	0.765208187464	0.834578458365	0.97657017094	0.697797870581	1.04230882139	0.665754226712	1.03835194492	0.580824298052	0.81184156683	0.803757173625	0.897204704635	0.7545231081	0.689251423041	0.713622720184	0.555880749544	0.802687532403	0.955147680691	0.5758533775	1.20767886992	0.752040089936	0.865053534958	0.634159638502	0.47759120806	0.860734294182	0.664154845848	0.789222813111	0.671950429458	0.906461803906	0.72770842993
