	FunDMH6301	FunDMH6302	FunDMH6303	FunDMH6304	FunDMH6305	FunDMH6306	FunDMH6307	FunDMH6308	FunDMH6309	FunDMH6310	FunDMH6311	FunDMH6312	FunDMH6313	FunDMH6314	FunDMH6315	FunWMH6302	FunWMH6303	FunWMH6304	FunWMH6305	FunWMH6306	FunWMH6308	FunWMH6309	FunWMH6310	FunWMH6311	FunWMH6312	FunWMH6313	FunWMH6314	FunWMH6315	FunDMH63ZH01	FunDMH63ZH02	FunDMH63ZH03	FunDMH63ZH04	FunDMH63ZH05	FunDMH63ZH06	FunDMH63ZH07	FunDMH63ZH08	FunDMH63ZH09	FunDMH63ZH10	FunDMH63ZH11	FunDMH63ZH12	FunDMH63ZH13	FunDMH63ZH14	FunDMH63ZH15	FunWMH63ZH01	FunWMH63ZH02	FunWMH63ZH03	FunWMH63ZH04	FunWMH63ZH05	FunWMH63ZH06	FunWMH63ZH07	FunWMH63ZH08	FunWMH63ZH09	FunWMH63ZH10	FunWMH63ZH11	FunWMH63ZH12	FunWMH63ZH13	FunWMH63ZH14	FunWMH63ZH15	FunDWYJ01	FunDWYJ03	FunDWYJ04	FunDWYJ06	FunDWYJ08	FunDWYJ09	FunDWYJ11	FunDWYJ12	FunDWYJ13	FunDWYJ14	FunDWYJ15	FunWWYJ01	FunWWYJ02	FunWWYJ03	FunWWYJ04	FunWWYJ05	FunWWYJ06	FunWWYJ08	FunWWYJ09	FunWWYJ10	FunWWYJ11	FunWWYJ12	FunWWYJ13	FunWWYJ15	Fun2DWYJ01	Fun2DWYJ02	Fun2DWYJ03	Fun2DWYJ04	Fun2DWYJ05	Fun2DWYJ06	Fun2DWYJ07	Fun2DWYJ08	Fun2DWYJ09	Fun2DWYJ10	Fun2DWYJ11	Fun2DWYJ12	Fun2DWYJ13	Fun2DWYJ14	Fun2DWYJ15	Fun2WWYJ01	Fun2WWYJ02	Fun2WWYJ03	Fun2WWYJ05	Fun2WWYJ06	Fun2WWYJ07	Fun2WWYJ08	Fun2WWYJ09	Fun2WWYJ12	Fun2WWYJ13	Fun2WWYJ15	Fun2DMH6301	Fun2DMH6302	Fun2DMH6304	Fun2DMH6305	Fun2DMH6306	Fun2DMH6307	Fun2DMH6308	Fun2DMH6312	Fun2WMH6301	Fun2WMH6302	Fun2WMH6303	Fun2WMH6305	Fun2WMH6306	Fun2WMH6307	Fun2WMH6309	Fun2WMH6310	Fun2WMH6311	Fun2WMH6312	Fun2DMH63ZH01	Fun2DMH63ZH02	Fun2DMH63ZH03	Fun2DMH63ZH04	Fun2DMH63ZH05	Fun2DMH63ZH06	Fun2DMH63ZH07	Fun2DMH63ZH08	Fun2DMH63ZH09	Fun2DMH63ZH10	Fun2DMH63ZH11	Fun2DMH63ZH12	Fun2DMH63ZH13	Fun2DMH63ZH14	Fun2DMH63ZH15	Fun2WMH63ZH01	Fun2WMH63ZH02	Fun2WMH63ZH03	Fun2WMH63ZH04	Fun2WMH63ZH05	Fun2WMH63ZH06	Fun2WMH63ZH07	Fun2WMH63ZH08	Fun2WMH63ZH09	Fun2WMH63ZH10	Fun2WMH63ZH11	Fun2WMH63ZH12	Fun2WMH63ZH13	Fun2WMH63ZH14	Fun2WMH63ZH15	FunDBS01	FunDBS02	FunDBS03	FunDBS04	FunDBS05	FunDBS06	FunWBS01	FunWBS02	FunWBS03	FunWBS04	FunWBS05	FunWBS06	Fun2DBS01	Fun2DBS02	Fun2DBS03	Fun2DBS04	Fun2DBS05	Fun2DBS06	Fun2WBS01	Fun2WBS02	Fun2WBS03	Fun2WBS04	Fun2WBS05	Fun2WBS06
FunDMH6301	0.0	0.363279263861	0.412091561105	0.516019178135	0.519981390786	0.362521494406	0.575876463169	0.3702913364	0.386561623091	0.334825188334	0.458795422935	0.332554227715	0.510257815212	0.425364965851	0.544901498628	0.46054812702	0.662995579981	0.417131986216	0.765476047435	0.58812818065	0.800012487474	0.780058007314	0.642384761256	0.667925778676	0.544302915148	0.614017945417	0.604014927956	0.681666003113	0.433011118693	0.442257403218	0.425168066711	0.46595373865	0.471901492065	0.44497591191	0.408351936397	0.464275726505	0.447685775669	0.507989606805	0.437755202635	0.402262517275	0.464813664631	0.389254169737	0.460245050302	0.629367067009	0.735823521065	0.56814351592	0.79102509546	0.685671277805	0.442258628578	0.442526089065	0.611329614855	0.691928428286	0.644048602431	0.69664650975	0.484806130161	0.466375067914	0.652317515671	0.725402479569	0.54662755659	0.609697546207	0.608088570593	0.46445378732	0.644637167145	0.4704175595	0.429660759344	0.455892082236	0.55666492929	0.654258000212	0.477442960646	0.821083418205	0.792074411495	0.863895033483	0.838277090909	0.839049872188	0.668183211051	0.72823791649	0.753640583354	0.872217024743	0.703105975814	0.743867631057	0.600760083124	0.643798820648	0.958898948637	0.883322803358	0.960664390818	0.959298438718	0.960944139062	0.956229751386	0.963681019645	0.93511008399	0.96297951359	0.951278732029	0.952080994942	0.958612992593	0.952163902739	0.952834770353	0.95364720872	0.963509376119	0.957628212129	0.962680536086	0.968764605722	0.964173098339	0.968218246895	0.96782730932	0.958952878892	0.956395957415	0.962705694431	0.968213228756	0.94408810727	0.936161167374	0.989220869953	0.987862953712	0.973978477064	0.799099555598	0.971376920399	0.960566116061	0.828955830718	0.903663954979	0.98766874939	0.909191274278	0.765730201627	0.862458938927	0.947329016698	0.966303461036	0.964131753579	0.96749538101	0.955881238374	0.963096246257	0.941181696018	0.964881573813	0.95850268584	0.972821453385	0.757166423797	0.944257608216	0.969209384553	0.862330453675	0.758687543243	0.760435519055	0.798676569934	0.849112395577	0.972788031156	0.958427314223	0.961950292724	0.969519864749	0.966954191484	0.931199400135	0.966092706609	0.966528561435	0.956135198532	0.947036093182	0.893919955225	0.896258316377	0.966975093095	0.972592017926	0.970511884881	0.755187830798	0.965947200257	0.969415848486	0.964867193342	0.9673906502	0.965846269247	0.967419307144	0.967023664258	0.982429751522	0.967132593402	0.972648277482	0.983404158322	0.985117762312	0.997593803199	0.997610693997	0.997016579785	0.997439280432	0.998057596487	0.995524026687	0.996186059491	0.993669282551	0.995633852583	0.99714503984	0.994303077275	0.994811666265
FunDMH6302	0.363279263861	0.0	0.316699042671	0.439638040478	0.460075191386	0.377446105423	0.500980851866	0.371009988439	0.342414415477	0.326091480056	0.387449979468	0.317845538834	0.473130260338	0.360996906081	0.494395697869	0.372846778714	0.620724111802	0.433374300005	0.693489229175	0.52294038377	0.724884893108	0.677646305582	0.575136941395	0.603358167174	0.475167299705	0.533238615774	0.517395460813	0.574053078021	0.41487372567	0.418401150551	0.407144691827	0.461635667434	0.372824816485	0.448167109123	0.343613697993	0.415867276952	0.430481765541	0.51039120795	0.375408804419	0.386162811265	0.483278966585	0.342511137539	0.426828275034	0.549110689295	0.690466305828	0.459342769327	0.716594404337	0.639241021517	0.392580809551	0.396343781882	0.562645913379	0.59242851334	0.602723345075	0.659057257635	0.456594067454	0.63226011309	0.57897647531	0.651632194942	0.448177087175	0.5715365884	0.541761616243	0.466629061766	0.546652846757	0.421034677176	0.345217190619	0.369242440626	0.462651007793	0.600042550743	0.403035710256	0.778285498097	0.738770586278	0.821396857329	0.794474849695	0.757308597515	0.615129016079	0.686403861648	0.640024706145	0.814609695475	0.653449612184	0.717882016215	0.530588237089	0.577969797466	0.900983040949	0.908693896269	0.913666762564	0.928672944738	0.92792915389	0.924900276329	0.904664235037	0.91448325876	0.931569196246	0.893905699557	0.905527491981	0.912127437979	0.912512609913	0.905755403738	0.923144046277	0.930637170531	0.891966500307	0.898855306205	0.939021986351	0.934061126271	0.918905138943	0.93711384837	0.929318538115	0.91446881818	0.927207401969	0.936062232443	0.988040288824	0.983148649162	0.987499320247	0.982008543468	0.984476478849	0.963822618915	0.972701911468	0.980559254378	0.969508478862	0.97890466477	0.978033779932	0.921967892125	0.9739224699	0.912631085421	0.907236038245	0.919572509815	0.919953699328	0.928590497602	0.928174791601	0.975699986358	0.934286609784	0.929882988033	0.928267240304	0.970522463273	0.928166891417	0.974530023965	0.928340299072	0.930406277737	0.930320433865	0.931497334162	0.954065423987	0.933033335601	0.959028437269	0.929645235123	0.937373199056	0.945095700159	0.924824794076	0.917269641253	0.921319667667	0.926033672561	0.913025082945	0.930113618355	0.958936182859	0.917554228222	0.917798946394	0.95828573297	0.960777717156	0.925853755912	0.968409893528	0.982358530589	0.968551415388	0.980609903079	0.971135617515	0.980904246407	0.981616474477	0.993006847674	0.981228015209	0.980157698408	0.99197079818	0.993883858802	0.997994278391	0.998028120713	0.997418336532	0.99726261296	0.998799725652	0.994476371259	0.996610156856	0.993722977549	0.99644761852	0.997374047268	0.992116712947	0.994301258614
FunDMH6303	0.412091561105	0.316699042671	0.0	0.502672163238	0.514059322924	0.376851710181	0.510769225957	0.386482543677	0.353687436277	0.367145018054	0.390092633694	0.324066696445	0.447627986297	0.328198845823	0.476500684352	0.382205785221	0.477078645699	0.393411881125	0.528048752211	0.352731500069	0.570308314442	0.693494469281	0.579370861504	0.592085364653	0.470932700278	0.559432541028	0.541732463514	0.478958939735	0.414717343596	0.388201596488	0.387265787781	0.415900736501	0.377194659004	0.412307236057	0.336413500367	0.403328647504	0.414067352997	0.513212222807	0.342852476547	0.302459268024	0.45747228345	0.41054019895	0.407415543963	0.442083894073	0.673132279029	0.430459091387	0.707433339426	0.481244050438	0.40280289454	0.363268037002	0.554599327293	0.467237569182	0.58618183478	0.6595852151	0.439316287008	0.607766365461	0.55259827201	0.625609472377	0.466150986086	0.638302443105	0.628797152227	0.464344764059	0.594043392102	0.481327912535	0.400262733822	0.402400704225	0.505782142269	0.616711012767	0.476427650795	0.702419859075	0.602803817863	0.675717344967	0.630442267384	0.651696287622	0.448709085906	0.532312719092	0.581502009847	0.666589198724	0.547312379898	0.706997267497	0.470940994964	0.50731493946	0.75231098792	0.768781325345	0.784944390529	0.784381399099	0.781640571283	0.815290398204	0.760282432556	0.771207183724	0.788594012264	0.739463168371	0.755532685199	0.766331415554	0.76516275731	0.750062372142	0.778618057611	0.777928186803	0.731049118473	0.748548343628	0.790503773321	0.78436250828	0.775309211142	0.78454270044	0.781599120011	0.763891548228	0.777362352651	0.792351688388	0.986610752219	0.981156621719	0.985331128434	0.980435570832	0.978820337924	0.956934892753	0.970729865438	0.981660345078	0.96835657715	0.976764220558	0.974080060534	0.783978407738	0.972032027362	0.784182396191	0.919318093914	0.763728052162	0.83162160945	0.786418417322	0.820676626633	0.972765654522	0.928234688687	0.894766808249	0.844311837991	0.972684397413	0.913690494393	0.971334303933	0.864797364655	0.920864185761	0.876023401159	0.928196385432	0.949809049388	0.793719945886	0.955577858122	0.926287440537	0.927060511189	0.949264798537	0.786367643808	0.813539583415	0.919197130476	0.805389708996	0.7790587338	0.784792251077	0.955657338277	0.892471177029	0.857931619339	0.945172442295	0.958169546183	0.788566486853	0.957436532684	0.970692617817	0.953369618388	0.969553699346	0.956300926516	0.96884804746	0.950288355258	0.983058834367	0.949905106671	0.967279208256	0.988740380452	0.991863052841	0.995237815974	0.995227670985	0.994662815312	0.996200970879	0.995786061588	0.992652772388	0.993121227069	0.990918354088	0.992796524967	0.995113201724	0.99029546225	0.992139706974
FunDMH6304	0.516019178135	0.439638040478	0.502672163238	0.0	0.545015853233	0.541782495634	0.539651561197	0.532144190629	0.505885839525	0.45398422719	0.562714959314	0.450347522442	0.575549157932	0.472121171113	0.555321879442	0.553822422221	0.66960910393	0.604310088016	0.74576574923	0.579119131307	0.800380491253	0.709360336569	0.378878120519	0.63613556532	0.574446129018	0.45252889833	0.605864135894	0.637995652428	0.579400724944	0.562024952825	0.576078624602	0.608966394075	0.55493108184	0.611783831113	0.511398278889	0.603476913794	0.575520769819	0.625081461838	0.583082408484	0.581348563211	0.629339031438	0.50256372499	0.591408693191	0.635774285666	0.696913933888	0.627803328303	0.790087166501	0.682659818928	0.569705920542	0.622458905673	0.659975452007	0.668295021081	0.625745227207	0.699194346726	0.637534967752	0.70236139472	0.659048324668	0.641540216624	0.510294456563	0.532052803042	0.484771548197	0.599364071508	0.514170287564	0.529486823827	0.50251131188	0.58577152418	0.586725447024	0.609904995177	0.449275105922	0.82601838389	0.792477724736	0.883392847588	0.843235168033	0.839280051247	0.684813932634	0.749141183675	0.733179479598	0.887025495598	0.600380945629	0.764923347959	0.599016807122	0.665209172094	0.944726749066	0.957523718509	0.967699976224	0.976774915419	0.974615026018	0.971718723237	0.949672127339	0.96208147769	0.98055676741	0.939766456629	0.950241485249	0.95997036432	0.961676965139	0.948512839215	0.970992707169	0.977695622091	0.931373589217	0.938500479053	0.986040906449	0.981308833313	0.966174654215	0.984785927856	0.977651079024	0.969471144502	0.97941659835	0.982867703478	0.987260930055	0.982182045083	0.984283645227	0.981976659349	0.982810361224	0.97337926018	0.980958656189	0.984236285701	0.978593483162	0.977705603942	0.989183188899	0.974518902905	0.984310540904	0.977491929247	0.957685284889	0.978443863025	0.972955648521	0.976118918041	0.974782037744	0.982127783131	0.979633698088	0.977221056512	0.975479594909	0.976532195275	0.974852734454	0.987277534614	0.974734342161	0.978946826341	0.977048401058	0.978651616758	0.95954787871	0.980830151897	0.979556900333	0.978644951872	0.976166807344	0.967728004533	0.973763151403	0.971795679055	0.97219415988	0.981275031631	0.976136821966	0.980967685461	0.974405461751	0.972609484502	0.9735144041	0.97472926795	0.978950188526	0.977334121098	0.962253394518	0.98269170258	0.958904347184	0.982221017956	0.963509182687	0.981965007033	0.96697459223	0.99563051264	0.966412814548	0.979819508931	0.993644548355	0.995787776351	0.996933681118	0.997119476569	0.996272005377	0.997088302173	0.997481926732	0.99410686195	0.995220369671	0.993262517449	0.995337333062	0.996647374099	0.991426166275	0.993416634817
FunDMH6305	0.519981390786	0.460075191386	0.514059322924	0.545015853233	0.0	0.538481768091	0.490456365195	0.573720614858	0.563007331588	0.464364575317	0.423492326618	0.520376929341	0.473273458123	0.538076901179	0.483143043713	0.523741886785	0.729144847244	0.580902713471	0.809106916141	0.621149436444	0.83356256591	0.648729647771	0.718308478637	0.654188055005	0.54831407051	0.640241045886	0.595724135461	0.692368770486	0.557171685995	0.527316408025	0.542996268214	0.591788411244	0.525156816412	0.579313792724	0.484189616151	0.545717635237	0.481908017527	0.587976122366	0.451929367811	0.563908761276	0.596150794195	0.521272511328	0.458048589014	0.674053073406	0.737851282979	0.555302906025	0.804275757023	0.725088200312	0.570899684144	0.582762012681	0.610303873743	0.691425240847	0.615118765013	0.700540398381	0.596247677631	0.697037506729	0.705071386434	0.730435454994	0.530119822594	0.602951802274	0.630072706948	0.586003197652	0.538106561831	0.574301298082	0.463444266086	0.457524941309	0.502484288043	0.568481150428	0.529973681078	0.860840583329	0.82562568192	0.896950402477	0.895497970329	0.769921919212	0.743406194186	0.786320407513	0.842295470952	0.902065973791	0.775845187136	0.796999095055	0.677915406552	0.701409865329	0.975829783329	0.974374617887	0.978089964379	0.989841989475	0.986405944796	0.982262745669	0.982930489519	0.970124138231	0.986727288841	0.965173264355	0.977404419323	0.976207289141	0.977602137786	0.979411232426	0.980430332141	0.985812825233	0.954772594794	0.966133409259	0.993095766522	0.980311925958	0.979278642085	0.99302814819	0.980589403215	0.975590968274	0.98959974126	0.990252867669	0.984032984687	0.9830849104	0.981834134226	0.985205244438	0.98017656694	0.978412929761	0.98400470576	0.979438859355	0.982734740036	0.974599855111	0.985020273053	0.979360138004	0.985620186094	0.981472159017	0.953424636558	0.979579273019	0.977994623574	0.981996315525	0.982472799442	0.983570961304	0.990990806956	0.980653167753	0.976511387531	0.978795200372	0.984526965689	0.992406147856	0.97504115579	0.98505762602	0.98717374697	0.988355036766	0.963708912003	0.984229042299	0.982870669776	0.981387358918	0.98043849621	0.977373839509	0.979647460532	0.978857941773	0.978045616886	0.982965102726	0.981248931543	0.982017013811	0.976302887155	0.978863601465	0.977942993494	0.980749676652	0.983829007194	0.98167774981	0.972604309684	0.985471717475	0.971920817284	0.983625526283	0.972351279206	0.984008884163	0.980992375989	0.994728913601	0.980636082835	0.981024391199	0.993207668521	0.99479798208	0.996269707828	0.989867693854	0.992415752564	0.996818074977	0.996901691509	0.990849198355	0.989358873848	0.991292477636	0.99440206639	0.994740197428	0.983872246085	0.991615784392
FunDMH6306	0.362521494406	0.377446105423	0.376851710181	0.541782495634	0.538481768091	0.0	0.592100239868	0.236863086482	0.303829630064	0.286640939316	0.424780674645	0.382258337858	0.484869320721	0.472163903708	0.536058185167	0.419192234157	0.642050488308	0.385107634384	0.751434507101	0.57395334108	0.788025094881	0.760627997454	0.673610845987	0.617920478473	0.520530354413	0.637847851394	0.535856452729	0.657311122584	0.288224782414	0.357268247533	0.246620055303	0.308378045535	0.293717177718	0.26546323709	0.322419073641	0.299684782901	0.380390320795	0.518152890504	0.371846947914	0.287873118391	0.294064334744	0.274196880354	0.371200669517	0.637478709366	0.696117553795	0.56591416707	0.777126213029	0.672389513234	0.431183866713	0.429406864219	0.563197669684	0.670750184328	0.62362499328	0.670720508807	0.357180837401	0.67454476191	0.638610434164	0.670715623643	0.485067189459	0.619908173625	0.606504029362	0.398494596955	0.635910790888	0.44495043323	0.358872621997	0.344989251434	0.538411532622	0.632509254572	0.504945265321	0.774349729904	0.787417157533	0.86564843295	0.822579901367	0.846709049035	0.639953700531	0.725931416151	0.764820531968	0.869080310868	0.745508325006	0.750902388674	0.55621071998	0.640694514459	0.958206547332	0.967463987486	0.969004577884	0.966134827293	0.969937960647	0.970184600545	0.972415540897	0.962863672379	0.9574786559	0.949545111027	0.963479626689	0.944308258964	0.960435129132	0.944092508284	0.959599786313	0.953878213504	0.940144621694	0.966295428782	0.962075807235	0.957263990955	0.97330098057	0.959621918421	0.971504596151	0.95591383323	0.947990311192	0.980755341067	0.989695329972	0.985266358438	0.992205854862	0.987858254831	0.988064141342	0.979405323922	0.982422423933	0.981023496807	0.983444374024	0.984024145153	0.974904353061	0.970226277858	0.978673082705	0.972615596991	0.981009111297	0.9640814912	0.97340134564	0.976575639906	0.979050407541	0.982582995252	0.982468663768	0.979284435651	0.980048078296	0.984871233058	0.979288911507	0.987060081235	0.980383515846	0.981039470621	0.978973563787	0.980466271217	0.974728186684	0.982852835877	0.985263657579	0.968719499156	0.965088743684	0.958180328374	0.973878876479	0.962201081822	0.976281342562	0.970937638458	0.959573534465	0.974471683653	0.968475883374	0.962813694776	0.9672715584	0.962917403571	0.972050159006	0.97815220112	0.957962438756	0.968548179094	0.953912355894	0.969975363005	0.956514839068	0.967353548713	0.959958145818	0.971154136291	0.960428140106	0.957929864484	0.985038531794	0.989106604673	0.996282529033	0.99619481966	0.994902462487	0.994123105475	0.995246948475	0.990861126814	0.991578800764	0.989845033906	0.992689239443	0.996741826527	0.990330536209	0.990363025006
FunDMH6307	0.575876463169	0.500980851866	0.510769225957	0.539651561197	0.490456365195	0.592100239868	0.0	0.590228531428	0.554939992184	0.533253873405	0.454547125586	0.527848736646	0.421701242851	0.555038811838	0.495211149714	0.512481114565	0.71291735824	0.590837690114	0.796086635965	0.593249933445	0.806799642208	0.625516182044	0.67054251288	0.53733093693	0.534732515262	0.568282822214	0.588485722853	0.557414745811	0.560349866121	0.531103588207	0.58321055827	0.560177869381	0.526560519908	0.595366931916	0.521029064255	0.506804405905	0.540193362243	0.612887917	0.558142815433	0.579358289121	0.628616173072	0.538745282267	0.414717955934	0.651173617404	0.684987894641	0.557933534372	0.781110382995	0.698261923903	0.560544198485	0.590893344957	0.606981804377	0.659763476446	0.624178501221	0.70691758407	0.605608627009	0.674095934109	0.67360383752	0.671558572715	0.466722330278	0.483769491821	0.615308090052	0.55035018438	0.413339079562	0.581703692397	0.451024712339	0.46260532658	0.523921821133	0.557534970324	0.536159652809	0.84182816816	0.806468265448	0.878880053422	0.87435888187	0.682256714442	0.721152932341	0.76808307527	0.815499149483	0.848499738135	0.751031002399	0.719250193817	0.658757768846	0.685969273267	0.924354016356	0.948378448372	0.964591767601	0.966487755582	0.962378185791	0.963287955713	0.904179151728	0.942253053034	0.974165595489	0.900371326781	0.885413731806	0.939237201494	0.948440373974	0.882597603979	0.962034234394	0.965931742942	0.888689030093	0.917414285922	0.97451700704	0.959628086078	0.955476570863	0.972424473065	0.960491821058	0.952109651693	0.964983579362	0.969205863583	0.974970899441	0.819298148249	0.977828874322	0.973839750799	0.97380496515	0.957926855772	0.905140784029	0.969470017103	0.964645721502	0.971722412384	0.983920593272	0.953481246504	0.972435585228	0.964009819709	0.944282131067	0.953334482457	0.853780622452	0.955515366743	0.853530761258	0.956218446179	0.947411515303	0.957936184991	0.958156183904	0.967365893394	0.958716127536	0.974147592392	0.96036602071	0.962864401684	0.952018651039	0.954239235885	0.867759379882	0.959855617788	0.962821708687	0.960941593995	0.930622696279	0.932954356331	0.944907902129	0.939976548688	0.953997888632	0.96264486785	0.956282686385	0.955406285231	0.840568115906	0.949064164558	0.955038939642	0.951476687023	0.967217234939	0.966419110623	0.970045602688	0.980775769683	0.970075873564	0.978975426482	0.971863280822	0.979790096961	0.98208631728	0.99092787723	0.981960158846	0.98177417074	0.989136798011	0.991322488676	0.99554085338	0.995252124367	0.994482433666	0.994118702464	0.994222627259	0.987366890309	0.991064977322	0.98898800678	0.991206516978	0.996992698328	0.987858670304	0.990028884142
FunDMH6308	0.3702913364	0.371009988439	0.386482543677	0.532144190629	0.573720614858	0.236863086482	0.590228531428	0.0	0.254982351229	0.313522360629	0.478950610849	0.375745447849	0.517759675254	0.390148380364	0.556968553686	0.413265864342	0.608098266925	0.357866436629	0.741887871696	0.544385777177	0.753823771104	0.77878535199	0.599203751789	0.63748180735	0.48800758156	0.573318647228	0.543407420079	0.645797496938	0.323906578911	0.376403083365	0.283598144703	0.356154995032	0.337755498155	0.291309165325	0.327950089181	0.365416648165	0.355009569237	0.471975701239	0.384098258175	0.308020044343	0.358124001063	0.26852668587	0.405838363802	0.59538922547	0.725141422542	0.577402178605	0.721771789731	0.674727323817	0.371713345053	0.402939866229	0.544695824705	0.674973960825	0.614026536301	0.696008917701	0.367990435425	0.676040033883	0.603052450516	0.658855388389	0.507726755923	0.59460188349	0.574926749557	0.380530116415	0.651607710429	0.437802334176	0.36024254352	0.359384773148	0.557516651454	0.65704999818	0.444345597199	0.75760878111	0.79846481862	0.865908834599	0.813207185292	0.862558425934	0.630673510555	0.74456071709	0.712918599474	0.872205519326	0.68682911579	0.753221281793	0.579142606598	0.643320578497	0.961050831172	0.962630072988	0.970268403636	0.973559141559	0.969999981657	0.969262871809	0.973048594832	0.961960946909	0.976090442806	0.95835003534	0.966303343311	0.963310678803	0.962693123431	0.964515671784	0.969121666644	0.975929480902	0.963224044964	0.967047064407	0.980334003637	0.974622134353	0.973870210806	0.979037795936	0.970506311817	0.960206826846	0.968852763795	0.978558968229	0.992092211938	0.986838506978	0.991621223012	0.988110596357	0.986891056234	0.981030799033	0.983467906258	0.982708508017	0.983974022724	0.986108920972	0.979475408447	0.971114201063	0.977418921102	0.97099092243	0.978863561158	0.969199824276	0.974468884264	0.978374077246	0.979861752885	0.98320679269	0.981151798935	0.981791892018	0.979499469198	0.982880405427	0.979196286351	0.985525191505	0.981649257808	0.982628265887	0.978848498969	0.981704918685	0.978329464886	0.982593888941	0.983874715295	0.971699007874	0.970555986112	0.96405097359	0.977648044923	0.967357496102	0.97687594656	0.972312568339	0.961842725037	0.974404999514	0.969896697734	0.96789801155	0.969107192006	0.968143863446	0.971802164687	0.977607155469	0.960986263844	0.973043169344	0.95671327216	0.972388676325	0.959427946998	0.969093446746	0.945440322263	0.98103423017	0.946655352058	0.969999941352	0.9772109575	0.979037681001	0.996936286713	0.996311724147	0.995745417027	0.995668769479	0.996121464384	0.994891684798	0.994672189021	0.994797086368	0.993586113346	0.996921825574	0.993785626022	0.994284068908
FunDMH6309	0.386561623091	0.342414415477	0.353687436277	0.505885839525	0.563007331588	0.303829630064	0.554939992184	0.254982351229	0.0	0.333473236685	0.468504587861	0.306693834177	0.52831698259	0.286851303484	0.553273224081	0.406901042626	0.614953840558	0.418335299856	0.711858578142	0.529322658743	0.730207598949	0.776472236205	0.593555647348	0.675713319934	0.530571064343	0.585996003549	0.604091434775	0.623125787447	0.310546411532	0.385748753719	0.317839160491	0.339868864414	0.333269791972	0.321957807309	0.36331820243	0.343255365887	0.367207144782	0.426372299903	0.317713690416	0.236453672988	0.367197017801	0.248339253304	0.412307972629	0.572810214516	0.733813722257	0.523123218716	0.714721383095	0.628586492538	0.394767938023	0.39702076921	0.601964787869	0.636389166581	0.62734928596	0.699696330149	0.381336621282	0.631162678875	0.587882192609	0.719994647034	0.519172838958	0.568604305997	0.555241641741	0.351194180212	0.61331569191	0.471068942472	0.356099157316	0.35720977964	0.551186876741	0.650934281967	0.45877927678	0.771169940885	0.738313622175	0.80951679508	0.778049245958	0.791220650891	0.614578548145	0.696394066788	0.662905676656	0.819761845263	0.627064978344	0.752550011311	0.542497799077	0.594646241226	0.896963621526	0.89472862651	0.901420998537	0.908040470134	0.906686219158	0.904682665626	0.901552540432	0.897784328747	0.912061140115	0.888364624724	0.899821726549	0.896377540348	0.895152444511	0.897223948255	0.905010813179	0.906533510064	0.88890542074	0.890338395191	0.915587412776	0.906156020836	0.904182673192	0.914557470099	0.902106278835	0.89647956001	0.907696945079	0.910484715634	0.988792715844	0.983995700941	0.986645523167	0.982676797872	0.984229421179	0.963628283382	0.972596528244	0.982924479816	0.972002286979	0.983225013515	0.98589252894	0.903066052341	0.973622086325	0.90782275769	0.939217654837	0.9057028118	0.906966292671	0.907358586711	0.907847447535	0.975633512908	0.932187467937	0.907998196402	0.908939580497	0.976552119191	0.91986243436	0.970398802924	0.906735743771	0.923092203408	0.908275783788	0.93205699439	0.963576393572	0.912722274719	0.958071141126	0.935155362128	0.946896389448	0.962703677696	0.903282708304	0.904684301796	0.921889864996	0.906657073167	0.905744848256	0.903503297952	0.966844905127	0.912565128723	0.905646792103	0.968558944978	0.971520231122	0.906372697974	0.969954925349	0.98072796955	0.969905428306	0.980351456591	0.971653381152	0.979359072866	0.976838428693	0.992605005715	0.977176674659	0.9784566544	0.993149631631	0.994733231822	0.996260758631	0.996660327343	0.995947995104	0.997501968565	0.996714549787	0.994540133162	0.995329808394	0.994454164442	0.99323071937	0.994879633927	0.993104635619	0.993649181301
FunDMH6310	0.334825188334	0.326091480056	0.367145018054	0.45398422719	0.464364575317	0.286640939316	0.533253873405	0.313522360629	0.333473236685	0.0	0.366898142208	0.325584081761	0.370049490843	0.415585790477	0.505065314276	0.387058781239	0.652691875943	0.405356449444	0.780077934519	0.546422347317	0.777634896777	0.731430192876	0.62360455141	0.604010982506	0.499442103861	0.585933819476	0.529800150771	0.622236308907	0.350089116468	0.328552317878	0.311752940662	0.383207534394	0.33202488839	0.33956939586	0.266896208793	0.380556341258	0.363791716703	0.49376995781	0.352568795971	0.345318684799	0.380672281853	0.28476607517	0.346248398189	0.610345091876	0.700100071025	0.565827893331	0.769563387299	0.660455374601	0.37480274116	0.42749404627	0.560866803933	0.652550361902	0.608917093191	0.692467008241	0.4058123219	0.686056032448	0.622983882792	0.638816091942	0.386778691755	0.483857434817	0.509980145138	0.411903433575	0.582894709539	0.476876061314	0.338192011302	0.355889856979	0.49059252098	0.502801051403	0.448698275506	0.836145400256	0.808319737746	0.887819207509	0.861809156451	0.852878942176	0.682985335594	0.752500495712	0.750347519257	0.884471794746	0.72743491457	0.77727859177	0.610397340077	0.665595845644	0.963660398198	0.967295187142	0.970526405452	0.984101130781	0.979514844006	0.979228414904	0.981415781041	0.964227137656	0.986437620007	0.962065118112	0.974664719523	0.964254566588	0.968080866301	0.970650575341	0.976087369427	0.980388728802	0.956604268523	0.965096709469	0.99100806902	0.981063471074	0.973584998483	0.988783482274	0.980894668646	0.973662729292	0.984920034133	0.98854994215	0.985498388799	0.983424344054	0.985060837989	0.987085088701	0.982209666312	0.982711680254	0.98601725338	0.978965494149	0.986458626417	0.982478925801	0.988059148616	0.975199470623	0.98875304527	0.976555292524	0.960717408135	0.980556762298	0.980242892004	0.979680084742	0.981574171643	0.986386550382	0.984932328921	0.983519462737	0.97575269211	0.982601581005	0.979119863677	0.990993713491	0.980741675274	0.983149789596	0.981524776795	0.982792620796	0.972875616748	0.985626446133	0.985273628243	0.984627897642	0.982511888218	0.97404989442	0.978765913949	0.979044453717	0.978579331121	0.985042985169	0.977355390182	0.982091706294	0.980833321942	0.980005359129	0.976900662235	0.978954835992	0.985861058514	0.980755502637	0.97254086536	0.981508921482	0.971934682848	0.979675336858	0.974505201496	0.978628159602	0.982857334489	0.992332381462	0.982856239191	0.982319182841	0.989971401506	0.991483544074	0.99682214871	0.997296729923	0.996079861309	0.997510344112	0.9970453935	0.993486044749	0.996545562835	0.992557383626	0.994530826234	0.995690250406	0.990791050206	0.994323788203
FunDMH6311	0.458795422935	0.387449979468	0.390092633694	0.562714959314	0.423492326618	0.424780674645	0.454547125586	0.478950610849	0.468504587861	0.366898142208	0.0	0.472051541522	0.363999433049	0.477136044314	0.485241083607	0.422161067117	0.630685593929	0.46342310854	0.747518634446	0.539874734021	0.750524719996	0.657896607463	0.650431985132	0.590463277459	0.50676470087	0.592552932634	0.545319258956	0.599801677571	0.465352508522	0.425247287893	0.453960717306	0.480476564269	0.456270712087	0.476369626244	0.402608906582	0.445431344512	0.447999607765	0.518725183676	0.410123406223	0.458738892802	0.488415711309	0.420242927729	0.368330513535	0.599115761474	0.702006032011	0.488118253468	0.741794507103	0.639834725636	0.494443920979	0.465989045217	0.574039927046	0.603695340853	0.611578574887	0.676590094541	0.509612554801	0.633775621729	0.618103128104	0.645239457164	0.368139772743	0.486636320909	0.523513339373	0.518205020053	0.519278417789	0.485715870788	0.384383528839	0.360361730668	0.451222326221	0.431723032522	0.495265823527	0.789917653852	0.760786829399	0.838541953955	0.824735199173	0.726819640937	0.658506693509	0.702865623819	0.77722064203	0.829694149458	0.730371877406	0.714329091599	0.579237708211	0.622485700012	0.925325086375	0.926544753284	0.942133940806	0.936611650225	0.938345556595	0.937703467799	0.940620476899	0.920729148894	0.887088053765	0.909660169156	0.930655101383	0.858628092204	0.920772707533	0.882279747797	0.930331960511	0.878653419702	0.88265011443	0.913251220766	0.929980656025	0.917545018257	0.935071609162	0.925655207858	0.938146631618	0.923421502657	0.917937317421	0.950290554199	0.977866985244	0.968871499088	0.970972377407	0.968079244978	0.968449703666	0.947608117672	0.96262459721	0.970002877548	0.960446295108	0.968672543695	0.976747122058	0.932717949032	0.971444630101	0.937436646011	0.905564173063	0.930994892062	0.931048341868	0.932890819194	0.932828406555	0.969938769047	0.93642203087	0.934408326622	0.92955188831	0.960723836466	0.931143943376	0.970688982097	0.914367631238	0.942056950169	0.936066406898	0.937809481843	0.940682936042	0.936097366251	0.942714627906	0.93636238937	0.922270069848	0.939695597563	0.934379643326	0.922117756153	0.93011341467	0.942349993305	0.924906025855	0.942013174662	0.944516627387	0.919155758196	0.9178986161	0.945716799814	0.960258465415	0.944557995585	0.951238621973	0.971135985215	0.95150731519	0.968945308158	0.951546434791	0.969288933587	0.967361439335	0.981374060047	0.968091236626	0.968958213385	0.980037826847	0.982470689928	0.993950674191	0.993536048914	0.99222670484	0.993923570988	0.995842179759	0.986055191731	0.989439675067	0.988635142036	0.986095639783	0.985140473837	0.983864278734	0.990174123041
FunDMH6312	0.332554227715	0.317845538834	0.324066696445	0.450347522442	0.520376929341	0.382258337858	0.527848736646	0.375745447849	0.306693834177	0.325584081761	0.472051541522	0.0	0.454035873443	0.301310142695	0.554738769396	0.436215043145	0.597588106929	0.445926529583	0.68503454192	0.498432689367	0.700779192381	0.762655787861	0.529148587093	0.596910604143	0.532663550132	0.532230733471	0.58953708448	0.525296969005	0.429791980706	0.441312710247	0.421574089916	0.448864954507	0.442183875191	0.441895924526	0.390755042292	0.380146166575	0.413187469881	0.506335124762	0.366629777284	0.317708128072	0.464352542181	0.37838818796	0.452434235673	0.551606066301	0.693474785567	0.481838966966	0.734714900026	0.604754348884	0.407246140863	0.398455322126	0.599697511862	0.590513858314	0.603848606679	0.680990889984	0.455496478708	0.626220443476	0.592623465835	0.72062806965	0.547219746244	0.611736084564	0.5680110494	0.457385044007	0.652385607766	0.515705518088	0.442591312596	0.455956470351	0.556564073793	0.688241146177	0.419209025078	0.738732627952	0.737422577309	0.776745265831	0.763200077672	0.769979678889	0.600934330362	0.671065748576	0.676923168337	0.755151202851	0.538951457376	0.750003404223	0.538453093404	0.560725489422	0.869705164731	0.870280388518	0.87176192455	0.882655436801	0.880318365558	0.877949930747	0.879838904137	0.868817109414	0.884582149081	0.85462398107	0.876679356051	0.873455352607	0.873648176256	0.873463208111	0.8771966924	0.883882232532	0.872182587941	0.874984015823	0.891693670095	0.887509162701	0.879684887229	0.889268104808	0.881574768436	0.86686648154	0.878604416541	0.888197859996	0.985726929792	0.932202689369	0.991019178156	0.984344016774	0.986283754956	0.96534819491	0.920221595927	0.976786908491	0.971769310999	0.98065452079	0.974444433063	0.872224134661	0.972200178454	0.880119078975	0.932134417381	0.860031493601	0.826040253238	0.879860809118	0.831278990951	0.961071031914	0.919323857088	0.896643879123	0.877399562801	0.979201389536	0.920882351087	0.973946062408	0.884618916944	0.921717939494	0.877935419288	0.926051646311	0.907840788775	0.884655188156	0.961053689849	0.926795490644	0.91089013845	0.927173900971	0.866913684363	0.851392945681	0.922059177281	0.872540195305	0.865317238032	0.87291852818	0.906729281717	0.89621898851	0.866388389789	0.949595231044	0.962049398542	0.880614943302	0.982038565471	0.983993047839	0.980308800373	0.984194294892	0.981831345411	0.983743048349	0.990169791158	0.994580114943	0.990298102387	0.990393883231	0.994074242193	0.99555260701	0.996678403817	0.995951162111	0.995199698486	0.994586653862	0.995360177696	0.988252481946	0.991549753498	0.989489766954	0.992655170309	0.997227492901	0.988723989761	0.990059096815
FunDMH6313	0.510257815212	0.473130260338	0.447627986297	0.575549157932	0.473273458123	0.484869320721	0.421701242851	0.517759675254	0.52831698259	0.370049490843	0.363999433049	0.454035873443	0.0	0.528888939017	0.465884563952	0.546697278246	0.707727274013	0.523615992102	0.806244117183	0.561521495459	0.809749070155	0.724779222972	0.651501591685	0.509540742581	0.566139139883	0.634537216148	0.567746003459	0.578468317913	0.476849950452	0.427935927319	0.45966917499	0.501618725055	0.479317192891	0.506953546551	0.448792636043	0.454651549256	0.427889463033	0.550522133448	0.438996219492	0.508758812009	0.513260310608	0.474919210026	0.464594461768	0.67832111226	0.65700221086	0.592924822987	0.750278237231	0.688324709421	0.54148804239	0.536966023964	0.598391397415	0.65228335267	0.585682680887	0.681295238171	0.544140613889	0.670593856365	0.690652623283	0.653908626302	0.439756848707	0.532591728811	0.570216072449	0.565428186341	0.607918670522	0.531936666224	0.513028437559	0.493162187263	0.512049943522	0.524299005556	0.540099933029	0.841825763523	0.825581287143	0.886077428535	0.893373244277	0.858429376759	0.730388450826	0.770893490486	0.853298366308	0.840553204218	0.764503399024	0.773477456592	0.655238276507	0.674923175077	0.953299844651	0.954907464298	0.972025299357	0.980134670911	0.978351055267	0.977550148927	0.965886373684	0.958859555591	0.985889880048	0.927426154682	0.943486439054	0.958550580831	0.959671098025	0.939451412866	0.975249205403	0.977557231394	0.919887929385	0.9299167598	0.988232393863	0.977794387403	0.964787082115	0.984359166837	0.975916306719	0.956982793741	0.973789561574	0.983225333137	0.976885913978	0.858655136842	0.98206186041	0.980860407239	0.977495334868	0.970065977875	0.922136498031	0.971109919814	0.975586290554	0.973250011661	0.979648716826	0.964808156837	0.983139838421	0.961591530312	0.959088027464	0.962062763102	0.859126948551	0.969361484857	0.864242078721	0.970351044912	0.961367561681	0.968783623998	0.964047449297	0.970539504061	0.971056079352	0.991482163801	0.977053419714	0.977305549285	0.967775678353	0.969496622969	0.881560455862	0.973130497978	0.978786083764	0.970912902339	0.941888580155	0.933079030093	0.958424155898	0.949720727439	0.963505670884	0.971710473405	0.962080270119	0.97046007374	0.849052620079	0.960021437214	0.961159677378	0.954830228763	0.97232723553	0.977153832595	0.978345074282	0.98692607449	0.977376587837	0.986399471662	0.978973258023	0.986414333218	0.99000792444	0.996236373875	0.989496779531	0.988909906907	0.994319814605	0.996779870083	0.997103803121	0.997048447304	0.995807167245	0.995520455206	0.995785577	0.989087644505	0.992384916057	0.990476582736	0.993513359009	0.997918392328	0.988268685484	0.990909779869
FunDMH6314	0.425364965851	0.360996906081	0.328198845823	0.472121171113	0.538076901179	0.472163903708	0.555038811838	0.390148380364	0.286851303484	0.415585790477	0.477136044314	0.301310142695	0.528888939017	0.0	0.54958987054	0.436650160506	0.518814018815	0.435134823108	0.635758247368	0.457141681806	0.633358839297	0.743115052474	0.552998005618	0.616972551844	0.463062814044	0.560128555514	0.578789108353	0.5205968272	0.514861716561	0.52046412412	0.483452598231	0.530460515936	0.512443027165	0.498746450532	0.455572626493	0.504633018217	0.509896217913	0.450158554309	0.449468455449	0.372563102253	0.551698769479	0.43303755449	0.540390935636	0.47226525026	0.712482347163	0.449273437871	0.655262064655	0.564305086048	0.424778733409	0.403774567082	0.540284649593	0.544405037767	0.610347995132	0.680826175911	0.524508403061	0.63130437462	0.5297635303	0.676312494609	0.514313980471	0.594225019683	0.5697849026	0.502163222451	0.612577631195	0.48193280992	0.464601929975	0.490484841735	0.536505438249	0.666733637736	0.401545072757	0.742653842373	0.677679396991	0.746659138176	0.711793945127	0.721384796204	0.535340719292	0.62055598375	0.60275751616	0.739097196243	0.533610413127	0.747705505515	0.509272186071	0.515823646357	0.853112013666	0.854449473583	0.856444755983	0.85858849616	0.855909949149	0.851004075826	0.85699169839	0.854866172841	0.861305582378	0.852384266031	0.854791494269	0.85454529221	0.851461989668	0.854213618937	0.856125215723	0.857516168687	0.853499233138	0.85445782405	0.862235190814	0.858632265199	0.857162357617	0.860818047267	0.853887688778	0.846284171758	0.851445610478	0.859708222376	0.99511132093	0.991348566869	0.99475385546	0.988111732291	0.987703321933	0.972732255118	0.978732509575	0.992369961108	0.9791385072	0.984880015911	0.984589823648	0.855366013735	0.97457758383	0.86046150453	0.931051002781	0.852882703777	0.853978369646	0.859020048645	0.861322492396	0.980391024022	0.939086861849	0.908500805512	0.857940036548	0.983730356982	0.926688004434	0.975182637135	0.875672260326	0.9314944321	0.886395086557	0.937882355463	0.965660773795	0.862903323859	0.964857011776	0.936996746115	0.94785226529	0.971008693149	0.859007932395	0.850852772098	0.929660775434	0.853475923737	0.852882703777	0.856693006924	0.969368821459	0.914946611299	0.874634218547	0.970466072743	0.970929422575	0.857196192662	0.963458494789	0.97068877872	0.962344044822	0.968264186114	0.96228170304	0.968338410451	0.964798347723	0.982274708871	0.96510316749	0.966959134921	0.983342768364	0.98575999567	0.995341808796	0.994476144222	0.994302641501	0.996239130288	0.996291878359	0.994890376054	0.992501032453	0.989498284554	0.992127236581	0.993674959218	0.991612134006	0.992284698185
