	BacDMH6301	BacDMH6302	BacDMH6303	BacDMH6304	BacDMH6305	BacDMH6306	BacDMH6307	BacDMH6308	BacDMH6309	BacDMH6310	BacDMH6311	BacDMH6312	BacDMH6313	BacDMH6314	BacDMH6315	BacWMH6302	BacWMH6303	BacWMH6304	BacWMH6305	BacWMH6306	BacWMH6308	BacWMH6309	BacWMH6310	BacWMH6311	BacWMH6312	BacWMH6313	BacWMH6314	BacWMH6315	BacDMH63ZH01	BacDMH63ZH02	BacDMH63ZH03	BacDMH63ZH04	BacDMH63ZH05	BacDMH63ZH06	BacDMH63ZH07	BacDMH63ZH08	BacDMH63ZH09	BacDMH63ZH10	BacDMH63ZH11	BacDMH63ZH12	BacDMH63ZH13	BacDMH63ZH14	BacDMH63ZH15	BacWMH63ZH01	BacWMH63ZH02	BacWMH63ZH03	BacWMH63ZH04	BacWMH63ZH05	BacWMH63ZH06	BacWMH63ZH07	BacWMH63ZH08	BacWMH63ZH09	BacWMH63ZH10	BacWMH63ZH11	BacWMH63ZH12	BacWMH63ZH13	BacWMH63ZH14	BacWMH63ZH15	BacDWYJ01	BacDWYJ03	BacDWYJ04	BacDWYJ06	BacDWYJ08	BacDWYJ09	BacDWYJ11	BacDWYJ12	BacDWYJ13	BacDWYJ14	BacDWYJ15	BacWWYJ01	BacWWYJ02	BacWWYJ03	BacWWYJ04	BacWWYJ05	BacWWYJ06	BacWWYJ08	BacWWYJ09	BacWWYJ10	BacWWYJ11	BacWWYJ12	BacWWYJ13	BacWWYJ15	Bac2DWYJ01	Bac2DWYJ02	Bac2DWYJ03	Bac2DWYJ04	Bac2DWYJ05	Bac2DWYJ06	Bac2DWYJ07	Bac2DWYJ08	Bac2DWYJ09	Bac2DWYJ10	Bac2DWYJ11	Bac2DWYJ12	Bac2DWYJ13	Bac2DWYJ14	Bac2DWYJ15	Bac2WWYJ01	Bac2WWYJ02	Bac2WWYJ03	Bac2WWYJ05	Bac2WWYJ06	Bac2WWYJ07	Bac2WWYJ08	Bac2WWYJ09	Bac2WWYJ12	Bac2WWYJ13	Bac2WWYJ15	Bac2DMH6301	Bac2DMH6302	Bac2DMH6304	Bac2DMH6305	Bac2DMH6306	Bac2DMH6307	Bac2DMH6308	Bac2DMH6312	Bac2WMH6301	Bac2WMH6302	Bac2WMH6303	Bac2WMH6305	Bac2WMH6306	Bac2WMH6307	Bac2WMH6309	Bac2WMH6310	Bac2WMH6311	Bac2WMH6312	Bac2DMH63ZH01	Bac2DMH63ZH02	Bac2DMH63ZH03	Bac2DMH63ZH04	Bac2DMH63ZH05	Bac2DMH63ZH06	Bac2DMH63ZH07	Bac2DMH63ZH08	Bac2DMH63ZH09	Bac2DMH63ZH10	Bac2DMH63ZH11	Bac2DMH63ZH12	Bac2DMH63ZH13	Bac2DMH63ZH14	Bac2DMH63ZH15	Bac2WMH63ZH01	Bac2WMH63ZH02	Bac2WMH63ZH03	Bac2WMH63ZH04	Bac2WMH63ZH05	Bac2WMH63ZH06	Bac2WMH63ZH07	Bac2WMH63ZH08	Bac2WMH63ZH09	Bac2WMH63ZH10	Bac2WMH63ZH11	Bac2WMH63ZH12	Bac2WMH63ZH13	Bac2WMH63ZH14	Bac2WMH63ZH15	BacDBS01	BacDBS02	BacDBS03	BacDBS04	BacDBS05	BacDBS06	BacWBS01	BacWBS02	BacWBS03	BacWBS04	BacWBS05	BacWBS06	Bac2DBS01	Bac2DBS02	Bac2DBS03	Bac2DBS04	Bac2DBS05	Bac2DBS06	Bac2WBS01	Bac2WBS02	Bac2WBS03	Bac2WBS04	Bac2WBS05	Bac2WBS06
BacDMH6301	0.0	0.378176293713	0.367052307264	0.35367579305	0.4084407441	0.315937116324	0.434352607657	0.356427065022	0.437573811672	0.385193710853	0.347190048623	0.423133287734	0.474968756689	0.442738060535	0.364690657948	0.583847230971	0.559196431845	0.558594883071	0.614493741021	0.49707527729	0.593037603287	0.541725959312	0.55957861353	0.523846237999	0.50275076044	0.541484792195	0.524511165766	0.493810751917	0.387960589024	0.461743743435	0.425040151586	0.478178217805	0.494904614861	0.424930727201	0.438289834175	0.349126656655	0.545708629757	0.643177064697	0.381390195651	0.427222375168	0.435010715459	0.423825048981	0.540674363025	0.611638827567	0.686151261028	0.619986225944	0.750238294673	0.607351157851	0.790745840177	0.516322607333	0.760775895756	0.605977518286	0.56548717239	0.739697924905	0.616772799431	0.555844934746	0.545666916317	0.665347138311	0.578659746971	0.587248614816	0.662328121404	0.554173155474	0.566080922362	0.529094090391	0.560474976406	0.626767547759	0.506501388664	0.629379818164	0.638304978151	0.724745685674	0.668190797604	0.65921923013	0.640476073923	0.644424895457	0.608658833365	0.597261428748	0.611581252254	0.736532233985	0.642921350478	0.685276995433	0.548001502374	0.57445571303	0.849371303017	0.835760730121	0.842360027778	0.848377728396	0.852304297493	0.844356339694	0.81764582531	0.841403503783	0.817844823347	0.81692402781	0.82256757328	0.829079987015	0.830753594383	0.782556352837	0.839413689232	0.838009047995	0.816610263551	0.818010371784	0.862904067788	0.849272975196	0.847476977432	0.858091198267	0.836716992842	0.82712448871	0.852469237551	0.823135750444	0.839133815055	0.868368391706	0.839260842106	0.839536348099	0.818193852108	0.855393728698	0.831076111805	0.775185323269	0.836344163602	0.811938323082	0.841753839164	0.836257012656	0.801901057294	0.822586646831	0.791477453182	0.849659484082	0.764016415096	0.841530534649	0.798251249694	0.802138879393	0.859411022842	0.82325048032	0.809102725921	0.80865261506	0.839950795557	0.808294567066	0.804115415786	0.79967606514	0.820134836777	0.810836746002	0.812097290527	0.793513176058	0.803871889979	0.833412595578	0.837322605152	0.819890593776	0.848166493533	0.816884663618	0.815517158638	0.838855594271	0.803176732295	0.805307802158	0.832564769713	0.807043147324	0.841610794267	0.799553099806	0.760087839927	0.815932734752	0.852721057236	0.874722160911	0.8562341729	0.870496217669	0.849538494539	0.871615766627	0.881878241021	0.886327918206	0.881928707871	0.875383961221	0.880559855073	0.879581044733	0.888125888805	0.896198021195	0.904278616912	0.897752855127	0.898384396439	0.90105895052	0.906266295984	0.907032488587	0.908951214049	0.896177723119	0.904716331458	0.896152806653
BacDMH6302	0.378176293713	0.0	0.225452848901	0.223529693443	0.331022256806	0.35517982937	0.427787472607	0.477069611327	0.517509540466	0.344104071925	0.274669942193	0.321718776273	0.268475179287	0.506297481999	0.426190548611	0.618604548891	0.575113706615	0.531595297161	0.622907125586	0.459087410462	0.576788575524	0.472958985825	0.545008961075	0.489624955192	0.444143939429	0.59963748965	0.504326872539	0.46977268255	0.332174348253	0.353420538237	0.322443498527	0.41187349974	0.394611589644	0.376675283349	0.397186308493	0.340655122306	0.565794258382	0.621367722063	0.327540105584	0.489450042178	0.406113023283	0.507556763471	0.527101280517	0.648090909698	0.678526701103	0.635816035017	0.736865385047	0.633801839101	0.769283832099	0.561351777724	0.799727960081	0.619243020513	0.546177361576	0.772910894236	0.646345897602	0.576340669179	0.549021825156	0.667731761497	0.691765063764	0.669365576988	0.739209532135	0.661777405633	0.68169629465	0.652470778275	0.661405893832	0.747409450841	0.659407337903	0.709542835941	0.775270856148	0.71245607581	0.735291180617	0.663247164352	0.683975193522	0.675547485556	0.677973529305	0.565611880575	0.643937960731	0.708812278236	0.669040521782	0.67163947886	0.557053628005	0.640035342041	0.851655366026	0.817193954966	0.844062483775	0.859684324874	0.862745359882	0.855473099572	0.818546915106	0.846883260224	0.831948490551	0.801876398829	0.830430384528	0.821545783485	0.817444031763	0.811775769639	0.847084133766	0.830136914449	0.806030230305	0.80577720495	0.869652328774	0.832762794505	0.838658712665	0.87336170679	0.829195110054	0.832782551766	0.863041063135	0.818585139704	0.82232099115	0.879845092153	0.810727256102	0.85216957379	0.804972804109	0.85246726379	0.856637841664	0.75556537231	0.811120859355	0.791756413696	0.816233607938	0.829781400868	0.788596156039	0.803262382583	0.777620466601	0.821866296819	0.756647965097	0.829875176176	0.809049513706	0.787699437518	0.8700453922	0.826520517274	0.790853241288	0.787151608297	0.848100250721	0.821949415067	0.800466390488	0.805993191587	0.850662839215	0.817992700545	0.789398162934	0.806964069805	0.786730626707	0.845572816594	0.816091182694	0.80092189042	0.845867149832	0.815304177177	0.799684014607	0.843716304997	0.829607269807	0.814709808689	0.812962772867	0.79389883916	0.82600920601	0.786134518633	0.770537033513	0.829882658471	0.896785813127	0.91748548741	0.890561718731	0.921757210139	0.891013941009	0.926423723612	0.923950091019	0.932356654244	0.928368283649	0.920394274179	0.926771742365	0.927967004204	0.905362988765	0.909282213589	0.915579453157	0.905701020549	0.909320746394	0.909589321763	0.915626958639	0.91829003101	0.918629552832	0.908517644502	0.914158322611	0.90904634414
BacDMH6303	0.367052307264	0.225452848901	0.0	0.230955525639	0.284096670978	0.300078417083	0.432081257251	0.440653859564	0.501375965947	0.337513317848	0.251127377514	0.247487639686	0.249618104425	0.481498620048	0.39569444737	0.548560612732	0.533925913777	0.485686675582	0.578021603096	0.411115220137	0.531063160724	0.447178822902	0.485742646514	0.446593504424	0.408199534096	0.568564168728	0.46402178056	0.422517311478	0.29335477551	0.302766293096	0.263494995222	0.399433157666	0.331600804221	0.340712118587	0.325623646076	0.333435351497	0.526757338641	0.632517589043	0.248766454957	0.474894565985	0.360220868607	0.471502074026	0.542493323491	0.609002525554	0.642336074042	0.607105559189	0.742217798191	0.588766360227	0.76454009241	0.497141896836	0.787695672514	0.584794935253	0.51346434681	0.762827545343	0.641070324985	0.52722718616	0.525431541665	0.645925971487	0.667365619644	0.664259829348	0.750400626015	0.626636174884	0.664805302543	0.614252276536	0.625869872035	0.709602346446	0.627371004955	0.688251983845	0.744119503484	0.694004494909	0.707599421775	0.619110562032	0.665432660614	0.628708115634	0.641836730752	0.531013765062	0.611701896182	0.697489144306	0.639265528405	0.638583345899	0.524531117543	0.597310856782	0.83246003652	0.801120044296	0.810625464759	0.822979126694	0.845085272616	0.837604832233	0.770556599758	0.810756754067	0.806891468729	0.757316518836	0.765803753204	0.763109776033	0.788825088592	0.757511928515	0.814390776916	0.803090642445	0.782789500559	0.784454806744	0.849307372677	0.813557291161	0.812690637911	0.850773866858	0.805455250055	0.804742992203	0.838143739094	0.798342773768	0.79916443196	0.85912246365	0.790090354134	0.829265201831	0.782877257837	0.842263034995	0.834106027476	0.732176048792	0.794557195024	0.777572750441	0.800595818802	0.814098076346	0.769204481758	0.785665825313	0.7515148279	0.803972872401	0.722618928871	0.810935688746	0.773474217494	0.770919363051	0.855645172711	0.800751212774	0.769744043738	0.749838508264	0.830451158472	0.795964904396	0.775843717224	0.775647983697	0.819679197868	0.783802735581	0.773473028414	0.78135427774	0.769419507055	0.822938067925	0.799753179665	0.77790740495	0.831295976454	0.797097833813	0.776561828667	0.823896637622	0.798944114748	0.793494895767	0.790852298747	0.754145017347	0.806389020941	0.765494184079	0.74333130574	0.801265793261	0.873002210541	0.894102024428	0.870341189181	0.897647654938	0.867520931821	0.900567595475	0.906916752538	0.916435854233	0.908954338727	0.900149047222	0.915453058556	0.915556346106	0.893588827696	0.902344190903	0.906592153812	0.896487587755	0.901847443321	0.899465457951	0.90883780272	0.91104653909	0.91174086897	0.897644803563	0.906228995131	0.900404682345
BacDMH6304	0.35367579305	0.223529693443	0.230955525639	0.0	0.304372464551	0.3213153075	0.434196426773	0.421188620124	0.471256701474	0.296218929807	0.280793945956	0.301442062637	0.270296833807	0.468870976995	0.386871066597	0.581385638575	0.558636910731	0.510422774586	0.594995111961	0.440934804148	0.561221356191	0.448365401655	0.525417667007	0.459263751896	0.422779987653	0.571837821257	0.484627193808	0.432135149146	0.327221877672	0.373327110005	0.33670200429	0.423416918585	0.400214156606	0.375261800738	0.389351060228	0.311256348472	0.58375323189	0.607160772032	0.31979639236	0.473391962631	0.405019563819	0.48504888266	0.560915162381	0.62902487585	0.667785182827	0.618901819899	0.733412664195	0.604193844575	0.770625245508	0.535436279531	0.781668758682	0.608382170984	0.537429943637	0.748722404287	0.596235156753	0.548409384298	0.538508828708	0.652630415561	0.6518719498	0.625911062304	0.709160971634	0.637058507745	0.640874861082	0.621035762483	0.632768260075	0.715439828993	0.642400721477	0.687952585498	0.740295822802	0.726583909861	0.726335870839	0.645299557056	0.688741883422	0.657709260092	0.663348036521	0.555927779349	0.629449364785	0.714956955969	0.657388400799	0.651208866918	0.53284052238	0.607107894772	0.850316202406	0.818140482728	0.824288628305	0.834607744812	0.86243125311	0.850630223194	0.797494468674	0.822437036507	0.81621439858	0.788039998761	0.804544029083	0.801879667809	0.799826884685	0.765299419022	0.830503707599	0.827751719825	0.81037703448	0.809038131403	0.864682049778	0.839272135187	0.836952827074	0.865423780881	0.830043242863	0.835158172581	0.86366141155	0.828792355108	0.831096027944	0.871058391758	0.812227166091	0.847481894007	0.809175800207	0.859961659562	0.850257668547	0.765837510055	0.81446733936	0.79134751614	0.828004440685	0.831303755605	0.778577402852	0.80456856918	0.777384349709	0.833182082507	0.743936694435	0.833742906598	0.780079436517	0.787257565458	0.871052741261	0.8236640647	0.783148727454	0.796245610999	0.844734928331	0.804204911404	0.787890665481	0.793549690261	0.824503337778	0.80131854117	0.78629386185	0.796206205808	0.775917208047	0.840190950946	0.81980484809	0.799654298095	0.845488092671	0.814625198331	0.794434790565	0.844201677409	0.819821991192	0.802036862586	0.818657788594	0.773288122054	0.825242560549	0.785711374858	0.759686528193	0.812189755325	0.899076240736	0.914558210186	0.896716823075	0.915717427533	0.894897730005	0.921508037558	0.919915469236	0.928272036339	0.92441344447	0.921178413897	0.933184124993	0.931706611209	0.903698034956	0.911892449674	0.921693563242	0.908584403696	0.913395842234	0.912118772434	0.918234206243	0.92196050282	0.922067187199	0.908948901975	0.917129848294	0.911445668708
BacDMH6305	0.4084407441	0.331022256806	0.284096670978	0.304372464551	0.0	0.358498942394	0.460325276406	0.446770122191	0.545037862214	0.361468721527	0.284044223478	0.338819276321	0.31904117581	0.419763043586	0.434588512067	0.569500658548	0.540903613922	0.503328424128	0.547499862429	0.415941990277	0.539176299392	0.423663728468	0.518125894322	0.468545354013	0.418682147544	0.58429146748	0.493817329428	0.438611721661	0.328282171057	0.369350445019	0.334124455733	0.457060111421	0.386740377825	0.4111827309	0.38599669583	0.374497369201	0.546280632502	0.643759982559	0.307201692584	0.50416518414	0.333513011955	0.531673637907	0.609931099023	0.609578816025	0.646038588025	0.625672908375	0.716014025762	0.59058591013	0.764086118357	0.523846645854	0.79035007213	0.584929502557	0.538509455863	0.753411457379	0.618472835924	0.529988351893	0.537473348271	0.647755513827	0.671496865732	0.671604224258	0.754927839313	0.665085326056	0.676587520791	0.651816014734	0.687685810026	0.732677589398	0.675079997213	0.685953042252	0.776469788874	0.70723331331	0.746560376152	0.638854544275	0.683245526901	0.639749116947	0.667985947655	0.565813029598	0.644615604026	0.691480128889	0.645040844826	0.649805007137	0.574168241636	0.609130192215	0.836895016495	0.794289192479	0.810662209823	0.82691188668	0.850860842375	0.845510923639	0.781052028333	0.817919875714	0.81496048826	0.773833288091	0.785241333133	0.790099407227	0.777741234555	0.758179394558	0.826326763047	0.812537892602	0.779363161086	0.782538070153	0.865177922161	0.814533116974	0.821604504656	0.865526733154	0.812654762774	0.820287711166	0.858583136439	0.815610927332	0.801575193411	0.859887408436	0.775264297044	0.822941435257	0.786014487018	0.844964072817	0.840289943396	0.735696811751	0.794273400752	0.771083933873	0.792240629738	0.817684322826	0.774679592986	0.78833974472	0.75920121484	0.811588490628	0.730736996464	0.816656681348	0.76477309764	0.75855766282	0.856851906112	0.79693104597	0.769551206009	0.742997842112	0.828594845992	0.804803063092	0.767716587014	0.776243869948	0.819300058065	0.779015298116	0.756923327365	0.793783867314	0.753210015013	0.831598188893	0.790366037443	0.778265400767	0.834676528966	0.809063430556	0.788468462953	0.838932869703	0.807285569898	0.805837324536	0.79288118129	0.753304480771	0.80462582072	0.777593318859	0.748651019881	0.805517219994	0.887677948734	0.915201843376	0.884176584612	0.916285537831	0.883821264763	0.919348544619	0.927750023232	0.930324037543	0.928414256908	0.917022096569	0.926624948863	0.929940754363	0.908832408914	0.917083286563	0.923859385936	0.915051170349	0.918323369458	0.91615693215	0.921049820138	0.923965048665	0.922019427445	0.909872207672	0.919978669979	0.918092161413
BacDMH6306	0.315937116324	0.35517982937	0.300078417083	0.3213153075	0.358498942394	0.0	0.418591126284	0.294608661737	0.403958779089	0.301782168509	0.328067556142	0.357888345874	0.432565777922	0.362917607367	0.372019481668	0.529089524147	0.530937753002	0.522919424732	0.582458236322	0.460270496361	0.561737556912	0.49241784685	0.514884405267	0.487704915879	0.455660793473	0.563037739752	0.503997757186	0.477595546133	0.313625965797	0.427606511834	0.373160667864	0.431700827894	0.421229042479	0.328862596549	0.387931035069	0.316640766911	0.542549606154	0.588073958481	0.329732306851	0.425822585008	0.370551216214	0.37113228024	0.55491152143	0.599649825318	0.659138162445	0.600495847424	0.715638034061	0.599229360964	0.782007483474	0.492116944231	0.757473902503	0.570660508301	0.541481429753	0.7437182127	0.602926867777	0.517086803226	0.529411613505	0.623950074824	0.586134157931	0.59734168092	0.670947507575	0.574227781311	0.580051803892	0.52115016793	0.534554835358	0.663217886433	0.565494124051	0.671813480221	0.688208365748	0.709879525297	0.652034827416	0.635058394191	0.62848525004	0.619371658516	0.584238807979	0.576096579131	0.577723021277	0.721767672911	0.619024612191	0.638721247965	0.527302762126	0.562968710042	0.842177180514	0.81694314431	0.824508197103	0.83609209661	0.850753662793	0.83198713171	0.788171367586	0.823857452058	0.803117260565	0.772606907063	0.782776994565	0.786226973008	0.805280275484	0.758695405518	0.821923835768	0.817311571612	0.814348800622	0.815669093598	0.849310023403	0.843079781834	0.839124909941	0.850034638809	0.837179919393	0.814036639587	0.834143780646	0.812422592755	0.831603329379	0.866048180588	0.814573308262	0.838709335379	0.802117598097	0.848942961716	0.845886147011	0.782601021212	0.820777117346	0.795463265309	0.831365940092	0.824403440071	0.781599034609	0.811398056282	0.782368455549	0.834011237352	0.748846715913	0.833159557934	0.782168162208	0.775945325314	0.856986522154	0.815594742251	0.791918317391	0.789391994283	0.833267086614	0.80049652039	0.783913435649	0.778817769483	0.808923455236	0.800746489648	0.792501851385	0.777914094165	0.782361771933	0.824484144062	0.826532573273	0.808790027292	0.835083662091	0.805271643621	0.786473887668	0.826157915103	0.799147965915	0.787063652258	0.826306178493	0.784837717837	0.835422398206	0.783422678689	0.734957913472	0.804846570087	0.856362464424	0.878740691912	0.855802559815	0.876404899948	0.853677830217	0.878436395132	0.885180131028	0.88739677546	0.886603675443	0.880801704013	0.884413034068	0.883262794635	0.881549917551	0.886893197438	0.898174074682	0.887861254472	0.890469064754	0.887633541158	0.899987311159	0.901297835099	0.901018233844	0.888973021438	0.892395738499	0.889026985534
BacDMH6307	0.434352607657	0.427787472607	0.432081257251	0.434196426773	0.460325276406	0.418591126284	0.0	0.428218313162	0.444286888722	0.437794103669	0.41158576527	0.509812469869	0.481791360124	0.503022102491	0.436965414706	0.593730518878	0.568139707752	0.587133528017	0.623383589995	0.569995276781	0.61256039007	0.537863460475	0.586432233109	0.574879261983	0.582680235637	0.576456917746	0.54217120238	0.582228438709	0.503034013116	0.524924868899	0.543310331973	0.606083847119	0.604721711205	0.506745001153	0.532708774003	0.496026544648	0.540153314632	0.539286585938	0.407720593324	0.510580330792	0.561061452514	0.461206458072	0.497837401304	0.636060901407	0.705573635026	0.655734074989	0.749471449699	0.629166237342	0.800237890668	0.560560387662	0.750708807357	0.611375266525	0.568146197119	0.761294491188	0.646502897865	0.582346856056	0.575729611464	0.643712607561	0.58194311343	0.562685814146	0.649459955665	0.546948906274	0.573927551793	0.554353082764	0.567796386293	0.63839469626	0.562030654949	0.612152147683	0.682840185426	0.718927092777	0.74697778351	0.688917155215	0.702303355651	0.687683803206	0.684426427533	0.621486052212	0.65855180041	0.728554706552	0.657130324647	0.688452817708	0.56994673201	0.661875065681	0.826555244465	0.794055207929	0.830694685371	0.837123778272	0.840814852598	0.843653751577	0.791704444105	0.83175251261	0.814503619191	0.791627225486	0.818451549437	0.81356054931	0.803513951102	0.78076963063	0.828692099317	0.833178427503	0.790027714166	0.803559826167	0.861526820515	0.83518084634	0.843579891134	0.867162099677	0.836691314906	0.827148292153	0.860238977665	0.817910766226	0.801926204373	0.8562119515	0.772878922421	0.821817300286	0.771595733461	0.828395352421	0.834055794402	0.724301861661	0.812732852311	0.794739408633	0.819532866264	0.819377704891	0.784875417788	0.801730873408	0.7680484206	0.824562473794	0.74985377322	0.828888013349	0.781002774808	0.729891932015	0.837350018438	0.797034730425	0.75229192883	0.750177738977	0.81739327405	0.795262648159	0.768814838261	0.776830697881	0.818734541929	0.805935746798	0.761507645701	0.780612441533	0.733652666898	0.829284364707	0.807718305027	0.808992795377	0.847592569784	0.816332666958	0.794150751618	0.837804368937	0.806347139825	0.787401924991	0.820659838233	0.793462024074	0.827926871626	0.796863083096	0.763336411588	0.805800268842	0.866661995698	0.901556221823	0.854687648253	0.903198751208	0.863189421436	0.907948873464	0.914773071877	0.919319824078	0.917224395503	0.901120905539	0.921239761165	0.923355623886	0.89278014244	0.902757956672	0.91350161911	0.8997511509	0.90046297586	0.904396791974	0.910174196978	0.911670462695	0.91225138046	0.896502452771	0.910528314247	0.906720697407
BacDMH6308	0.356427065022	0.477069611327	0.440653859564	0.421188620124	0.446770122191	0.294608661737	0.428218313162	0.0	0.314812983123	0.391948051338	0.415960608941	0.464118286253	0.532079858329	0.369135898418	0.422533949494	0.551844511674	0.547145126824	0.548396124038	0.602132570116	0.510381948372	0.573628015577	0.542428707174	0.535117017328	0.519127145623	0.535508065352	0.53910498982	0.527934678234	0.54236940011	0.413129522386	0.513485538904	0.473735583614	0.495359011308	0.519409732481	0.392533774406	0.464673724595	0.369164081565	0.555855233238	0.506210397211	0.403965705522	0.426012687958	0.45879461924	0.289821200798	0.587064144955	0.605271650508	0.671039508046	0.616167820807	0.724906341787	0.60866903053	0.797061509301	0.50425498477	0.765900324202	0.588062387482	0.551031049363	0.743174438547	0.601415376963	0.534142925961	0.532834537767	0.63105632081	0.480034246724	0.591593980154	0.541769723629	0.485148829769	0.468031805772	0.472751717643	0.430818778481	0.587300446549	0.561949895024	0.666226184268	0.665301632081	0.724564475984	0.663293741761	0.647557757031	0.634104614664	0.637317202216	0.588767932197	0.589733765054	0.59849711694	0.740415995655	0.62910622917	0.669122574662	0.560725909256	0.590976283797	0.846265654348	0.828588153037	0.825821407995	0.840735704253	0.850570128383	0.843233439856	0.787891593904	0.831118119382	0.816424820137	0.79612451927	0.794457082672	0.807165108652	0.816195709824	0.756764419896	0.832385218881	0.82857058539	0.823148362791	0.824108912832	0.85814725237	0.853876564775	0.848938373181	0.857536850727	0.843799139203	0.825326295407	0.843098644666	0.826048316792	0.845178909288	0.870042979622	0.831925082711	0.836511871519	0.80738374023	0.855974946025	0.8515554854	0.797558410682	0.835463504075	0.816834377078	0.846901400104	0.834851044824	0.794279133061	0.824235274469	0.796216453315	0.848528877478	0.76170902517	0.844202809027	0.797706564409	0.799814359722	0.863741488642	0.829139628626	0.802574794959	0.812177908073	0.84545220098	0.79505971044	0.79610076395	0.786265773542	0.817360718462	0.811080918772	0.802632392038	0.787531971134	0.800837037236	0.834849149931	0.837320279746	0.814660989983	0.847412144907	0.820623026407	0.804983612606	0.83855934522	0.799988396987	0.806926242146	0.837786190217	0.803969946693	0.845207150108	0.801366097329	0.75238770877	0.812326144252	0.86559665111	0.893293206261	0.870453319142	0.886778517262	0.862299737314	0.885858340742	0.894915647684	0.896160160776	0.893454235046	0.889729763717	0.893184546126	0.891296278826	0.890921574471	0.896569895847	0.903490517194	0.900242209675	0.898146065335	0.900254249554	0.909593908775	0.905074058087	0.907810096121	0.897261418316	0.904220018285	0.896896838397
BacDMH6309	0.437573811672	0.517509540466	0.501375965947	0.471256701474	0.545037862214	0.403958779089	0.444286888722	0.314812983123	0.0	0.457349023407	0.496112961414	0.555648491694	0.583761017263	0.45822710564	0.50717701007	0.580104256363	0.573202526265	0.643286416632	0.613401362302	0.604602237751	0.647204471536	0.66082212515	0.615434830828	0.60675815892	0.634376202524	0.573174306149	0.592388137597	0.623396346646	0.512527410737	0.578840218661	0.537590519584	0.597792498721	0.579660918339	0.494012534318	0.541280894584	0.435491999314	0.567608336186	0.421725931091	0.469532595568	0.519756861954	0.546646291157	0.315851358621	0.528667498409	0.655968075567	0.704075114476	0.643131564097	0.757072231346	0.641924670222	0.799662515856	0.570159075427	0.745443169691	0.624978865725	0.607470157974	0.74977426476	0.626413241325	0.596354167717	0.604833515592	0.652518263496	0.429170759626	0.592603101937	0.51348357981	0.512194517307	0.45145300569	0.45480217317	0.407491436058	0.590765559913	0.565051630175	0.658563056306	0.678340443216	0.718106352234	0.683290316663	0.674155209183	0.660506922283	0.665939454455	0.628912391061	0.651340719966	0.620973685674	0.767590560573	0.663447089428	0.704317394529	0.583498590947	0.620926191992	0.872233207313	0.857102899519	0.870305221144	0.873362471057	0.870461331098	0.851797652627	0.835140745957	0.86416942181	0.834431504433	0.840640462737	0.845381115066	0.856420826869	0.842193532174	0.799322121885	0.861135972555	0.832754159299	0.824611085524	0.816879020452	0.862924148504	0.850599484897	0.839638761569	0.862639604563	0.843882058762	0.830144879984	0.854857765179	0.820908877787	0.848607485198	0.878094564724	0.847320300565	0.850298055229	0.826975339275	0.864090407651	0.863133439005	0.789312506742	0.828272279679	0.822185637656	0.834815403362	0.842198722296	0.811982587844	0.819714851191	0.805577445195	0.834695160372	0.778496588696	0.849345103215	0.806873614168	0.814844306902	0.871428492635	0.841644676241	0.819313174103	0.841479806091	0.862903677828	0.834330230382	0.811711572504	0.829048100915	0.840287630326	0.846272792781	0.821433919658	0.810384871172	0.818841114323	0.844657653184	0.829723809173	0.823898906106	0.845524641575	0.816947152193	0.824571585217	0.840793471297	0.813284581223	0.797040078598	0.837288513251	0.808578274241	0.847292265075	0.799021017539	0.772022209488	0.82824441324	0.876962545497	0.898652230255	0.880533749314	0.899728142891	0.875547603095	0.901277919049	0.908184044064	0.909657591668	0.908494145012	0.901935464248	0.916509447838	0.914879925904	0.892471169285	0.898281463361	0.908783342173	0.896999699896	0.899086714481	0.89571282575	0.912038088181	0.912807508814	0.914186269834	0.900941867963	0.900078501126	0.901787854906
BacDMH6310	0.385193710853	0.344104071925	0.337513317848	0.296218929807	0.361468721527	0.301782168509	0.437794103669	0.391948051338	0.457349023407	0.0	0.347492895384	0.368093927816	0.380806094471	0.375043276271	0.407636538327	0.57675200466	0.568028771658	0.552812022876	0.639484021373	0.484738447923	0.596154810504	0.492769923479	0.549907567826	0.515566154729	0.457263078508	0.634692635467	0.559732358274	0.502283681959	0.320590828129	0.416662780502	0.363245389132	0.428283839129	0.415887163258	0.323128947274	0.348366865551	0.328149907457	0.592616871936	0.555954575861	0.31595539595	0.442056088117	0.40648031783	0.438120084859	0.61229042741	0.65882836256	0.708465430556	0.643237074755	0.764286791847	0.638344280351	0.812750672331	0.539446294683	0.788974147575	0.647335516611	0.583619332624	0.779520246154	0.654064324945	0.618276670767	0.576475023318	0.654236003111	0.641830234833	0.609698561848	0.672632164326	0.622157082121	0.588356513244	0.580699007281	0.608409589707	0.715229841954	0.625199327395	0.742371138364	0.713421075869	0.753552939727	0.724950420571	0.663935930324	0.6785427394	0.656506097621	0.65324779317	0.608675101763	0.633623592519	0.758521600294	0.662569474367	0.690711821023	0.545310237833	0.592936325657	0.87697535296	0.856115757515	0.851656460015	0.852622788948	0.878985081461	0.864342565333	0.822170709197	0.846293666665	0.83494098955	0.824716890577	0.817542711866	0.831134447328	0.825940390815	0.793772885777	0.850607638855	0.857763535947	0.851304433484	0.852082747992	0.878606993766	0.877724865612	0.871066445167	0.881404446207	0.864226439748	0.852851246859	0.872308944252	0.84603656241	0.866215389701	0.890368265533	0.855229749665	0.865819393719	0.833803013308	0.878625178237	0.878859764748	0.808062475647	0.854155657725	0.848283503994	0.868991073243	0.861191038696	0.82250373299	0.84580626058	0.815328004962	0.869531121099	0.786980490623	0.868188271378	0.814207117727	0.820480431134	0.888194699802	0.852881634813	0.833750594809	0.855139752763	0.866753130111	0.833794089168	0.822261692041	0.827275764453	0.834990755754	0.823748301753	0.835013568476	0.811949698143	0.826058406246	0.860786702809	0.861092028443	0.847866225908	0.864687665176	0.841483031959	0.833896660664	0.863029803263	0.832890293371	0.830799128986	0.856906102505	0.802991913185	0.863810013921	0.821374014813	0.79840879032	0.840246871422	0.898893638057	0.913283455788	0.898574912432	0.912166889302	0.895395005365	0.914766562861	0.92367082149	0.930930928846	0.92178373199	0.918969625752	0.92292616998	0.921375359841	0.901056580055	0.904813459326	0.918675656781	0.910992195921	0.909706545773	0.911772186781	0.916152797922	0.921169419944	0.918217543215	0.910087200038	0.914096926873	0.907827509604
BacDMH6311	0.347190048623	0.274669942193	0.251127377514	0.280793945956	0.284044223478	0.328067556142	0.41158576527	0.415960608941	0.496112961414	0.347492895384	0.0	0.30269493158	0.284943311436	0.46869167357	0.402197918361	0.548124306176	0.513636814789	0.506942099619	0.572951542582	0.44176350928	0.532081543309	0.436753040241	0.482133312563	0.467442917198	0.420241396174	0.510979417882	0.449167497999	0.429320143228	0.299000721504	0.316148930684	0.320503289826	0.414031785073	0.379427462311	0.356774215022	0.357476565183	0.332279901425	0.457527257334	0.633355132143	0.274945623072	0.469687994964	0.392015261238	0.444920391031	0.492050910783	0.573616261299	0.623590474184	0.585990990778	0.72520015709	0.556826916094	0.76113718334	0.492872393443	0.780065569476	0.553421901482	0.494404768864	0.750845317507	0.61258069338	0.521600751516	0.509522030726	0.627272796141	0.643213992921	0.657555558928	0.736635823445	0.632008893902	0.636650001035	0.564182986536	0.649809753212	0.705134393696	0.615285781074	0.657996537437	0.741924877457	0.672181861936	0.67185562246	0.616901265306	0.619335723823	0.61294930689	0.613886803056	0.527651506573	0.587531337749	0.66693779497	0.598961639004	0.618374995402	0.534318955438	0.587677804106	0.818034504218	0.775844077067	0.801654394917	0.820107884309	0.839324250163	0.833873315326	0.771940044684	0.808460884032	0.797124582261	0.759273920331	0.779981296578	0.775605748797	0.769071075934	0.756676877976	0.806153007934	0.785649174094	0.759332654121	0.769628136105	0.838472173163	0.798937482346	0.802071609351	0.838464760716	0.787473169094	0.794409209122	0.836105583238	0.787977466451	0.7865761224	0.854989310179	0.768689666043	0.809079922333	0.765396062389	0.822451619878	0.823938696391	0.716249272012	0.789089360455	0.765640431264	0.792395984415	0.804018250276	0.750545870158	0.776205610322	0.74941603868	0.795099440353	0.718350185847	0.805085982437	0.757993575233	0.747593440869	0.841605659993	0.800755460033	0.751127836655	0.738330338404	0.811202923542	0.782314451843	0.74504609384	0.760152521159	0.806338461185	0.765110041149	0.746913766788	0.777540852768	0.743194692904	0.807012260672	0.777150273554	0.767557409373	0.82371650605	0.783250364781	0.765044982756	0.813990565789	0.793794001052	0.77266086213	0.772180626185	0.736176118116	0.792549920546	0.759109281033	0.73468020015	0.79141476572	0.853063920102	0.8961670523	0.854351293867	0.893901051799	0.850063887127	0.89644399072	0.907010122035	0.910526714637	0.908425978429	0.89410462515	0.902843788084	0.903069723412	0.878986866792	0.883929182101	0.896233187109	0.88450723066	0.890280583427	0.889466049085	0.892120659712	0.897516444472	0.900093704745	0.88346587521	0.896060745928	0.885139261725
BacDMH6312	0.423133287734	0.321718776273	0.247487639686	0.301442062637	0.338819276321	0.357888345874	0.509812469869	0.464118286253	0.555648491694	0.368093927816	0.30269493158	0.0	0.292145280381	0.504965672147	0.454761350568	0.605116555964	0.572723525334	0.527392680538	0.607162609257	0.463642827449	0.566747930261	0.487104092923	0.525347729077	0.496759046031	0.446800866568	0.623858261313	0.524743685922	0.480597760389	0.352944327509	0.370979175897	0.313639106494	0.405581698313	0.399338772831	0.399217877156	0.389158482568	0.383024542851	0.605002782528	0.683198533277	0.342445788147	0.499516852015	0.401291382533	0.535921170514	0.638440406209	0.632351589452	0.667100637552	0.61747671354	0.7528688825	0.610829874087	0.783335010443	0.527777736322	0.809578563745	0.626942909678	0.555494931042	0.793795029747	0.662901355164	0.570965911384	0.548240472525	0.681430392749	0.71430414877	0.702030082756	0.785546520443	0.567177306547	0.698999543235	0.661884876266	0.703856746819	0.780734835022	0.719198464959	0.773284085706	0.801526165022	0.737987069876	0.740962892371	0.651322941367	0.714878479282	0.655111877915	0.694076446959	0.594245146223	0.635597354932	0.73840013082	0.681786798206	0.683881702215	0.586520188691	0.634192376341	0.871805493358	0.843439053673	0.83864332162	0.848697886132	0.879514510398	0.861265574101	0.804932841216	0.840799836859	0.833610796458	0.791854109144	0.796599379983	0.795690906676	0.822525996608	0.786358077066	0.850959506608	0.855863553484	0.841476938118	0.842005919908	0.87856433899	0.871471911043	0.870957888527	0.880518557553	0.861108740568	0.847673433275	0.87500473171	0.842152579907	0.86466874991	0.891979004286	0.850252858332	0.867244051852	0.833470779182	0.881825398965	0.874609583045	0.804713881104	0.848000080401	0.829087505572	0.857524233412	0.857213672317	0.80124365806	0.847259999237	0.805024553369	0.86315311151	0.7784809783	0.860669734115	0.809561181007	0.812616617985	0.888400784695	0.852148094866	0.819883967332	0.812428098736	0.858917903035	0.831060621871	0.824030853239	0.814251268769	0.839439674376	0.814850564233	0.818897267186	0.836197990091	0.820320888837	0.856708424965	0.851396223969	0.834403482121	0.858676221563	0.8422172089	0.815059833147	0.859231166893	0.84133582352	0.835909619513	0.847651669541	0.797716062579	0.851476879164	0.816069426593	0.788641941666	0.837992655161	0.907189385373	0.925495016379	0.908612612646	0.923672391903	0.904579844967	0.925906848836	0.932342369055	0.93655675792	0.934409186632	0.926801628342	0.93509041446	0.936025280764	0.912427108365	0.920673974542	0.926706194068	0.918355418227	0.920805333272	0.920738981183	0.925993476175	0.929355906825	0.926967192306	0.920232071126	0.924887944028	0.919038438106
BacDMH6313	0.474968756689	0.268475179287	0.249618104425	0.270296833807	0.31904117581	0.432565777922	0.481791360124	0.532079858329	0.583761017263	0.380806094471	0.284943311436	0.292145280381	0.0	0.544280881023	0.450321945828	0.620344333131	0.569287810795	0.501664141954	0.604125604085	0.434830318062	0.550892291351	0.426279131793	0.520450651693	0.454658473649	0.402634475689	0.605499695081	0.473114902918	0.417729418888	0.374545195025	0.31843824698	0.268301444665	0.455155050573	0.311067688143	0.427907564444	0.369861852333	0.40144748806	0.570671220533	0.653326580801	0.306949843957	0.530640911427	0.420598587617	0.569687159925	0.629904957462	0.634364971386	0.652669859571	0.627907512862	0.743662552133	0.596168966075	0.756255561896	0.545801863591	0.822657573841	0.624899580974	0.526569445514	0.79275811125	0.657802900697	0.573849891314	0.540376177875	0.671578507629	0.731055255729	0.713578990327	0.790019175219	0.72014456525	0.720434800035	0.692873130293	0.744625156401	0.78324868735	0.724812854454	0.738959440979	0.817992871856	0.706541736528	0.758880936323	0.639384820203	0.714973068236	0.649104861239	0.711332684479	0.540914899932	0.653485221257	0.685235845331	0.678798112746	0.654195198196	0.573588288327	0.630627092528	0.834096850774	0.78744067429	0.811472366127	0.822165797646	0.853147186183	0.847836683709	0.783159778944	0.814336461715	0.819782090398	0.768122029272	0.788246508275	0.778123198395	0.772105251778	0.764253474921	0.824920057507	0.812946221288	0.776245735053	0.784216822299	0.858532731081	0.809241587306	0.822680095418	0.860218352409	0.807254783944	0.822371518405	0.856171320353	0.814240716871	0.799365035488	0.864855456773	0.779949348085	0.823029450629	0.782651895188	0.842585568198	0.83587121399	0.738744051211	0.785927175593	0.77055868353	0.793017577825	0.814916896895	0.766977667511	0.7983652844	0.750114117268	0.802100799893	0.723937214177	0.812206295844	0.777218051088	0.764775166218	0.858801065827	0.808769492672	0.768655372222	0.757258563359	0.831736174379	0.806993856308	0.780788367162	0.785634409514	0.827461603876	0.78176805032	0.756240743223	0.817301895016	0.766012896813	0.828554459172	0.787667498425	0.772208482713	0.825401114531	0.806125854627	0.780983640844	0.831124362416	0.817636166288	0.802047445834	0.787315231663	0.746453626961	0.803134440563	0.768653828952	0.760180891437	0.813331877504	0.907272765139	0.933116644267	0.906540580411	0.935525206247	0.903433846293	0.938123602913	0.943055674428	0.949245084623	0.944274060634	0.936078693999	0.944104470595	0.945899729703	0.909207597454	0.916585356903	0.923572169572	0.911339887451	0.916239120579	0.91418919796	0.921747212145	0.926411796585	0.922430242306	0.914108527694	0.91810332103	0.918061356216
BacDMH6314	0.442738060535	0.506297481999	0.481498620048	0.468870976995	0.419763043586	0.362917607367	0.503022102491	0.369135898418	0.45822710564	0.375043276271	0.46869167357	0.504965672147	0.544280881023	0.0	0.452489691623	0.580149242313	0.582505471328	0.56881550942	0.618018674392	0.504485618615	0.60781585855	0.563621667918	0.573736701655	0.53953859993	0.55019012594	0.652698157729	0.593723808737	0.552053351822	0.438623185327	0.544911933558	0.472058875444	0.534174558478	0.508301696893	0.443653322514	0.482356781861	0.437866924559	0.634128670554	0.592811813291	0.427179494567	0.530292635662	0.463366474271	0.429222950778	0.675788835378	0.665070226012	0.713612047073	0.658976362502	0.77866714095	0.656645828629	0.813538788651	0.584821410767	0.783521995872	0.656230295927	0.614747063231	0.771783719146	0.653956527175	0.597831719073	0.597249418484	0.660185549237	0.61539876712	0.680892403622	0.657165715	0.618297329237	0.613155657372	0.547955207891	0.605729005992	0.670524033752	0.653198250388	0.757275766665	0.734060610236	0.756619126641	0.736006337065	0.680690640207	0.691673908279	0.671450264136	0.664486699028	0.627347600101	0.65495375714	0.774766492343	0.658827574433	0.707275367808	0.607019787205	0.621688761403	0.878586235056	0.861673634693	0.860467096205	0.857321814643	0.883636058102	0.870055603521	0.826690217644	0.854698049615	0.838283512276	0.82962663892	0.825748227336	0.837302585818	0.833557281688	0.801590296005	0.8557841114	0.87157944151	0.859712067065	0.858187998538	0.885382708276	0.883830591135	0.879652567612	0.887167657139	0.869780283564	0.863201453348	0.880093176237	0.858816826122	0.877328130465	0.897421218735	0.861665768835	0.873312276881	0.839602083053	0.889025122831	0.886945738374	0.83491338087	0.866937438247	0.853947116884	0.881397517399	0.865415175705	0.82536215675	0.855599659401	0.841350781101	0.880844501456	0.807882788151	0.875986731409	0.822652797516	0.834690442407	0.888125931604	0.860407704752	0.840711849634	0.861656720905	0.868450518403	0.841919821511	0.828616260844	0.82911445799	0.833152178353	0.829693456013	0.837160415285	0.812688650007	0.837911430716	0.863564778452	0.874667042304	0.856057700024	0.873570813708	0.853073304641	0.845170234827	0.869655421403	0.843689143347	0.846798706826	0.866168864889	0.812968132329	0.872330430967	0.837550900634	0.80774011255	0.853093447269	0.896589642507	0.902646231651	0.896612125198	0.90383257427	0.890868125422	0.907861430284	0.906044487443	0.919481426133	0.911000237325	0.911369901539	0.914622502486	0.912345629573	0.90491133709	0.917027884157	0.922245594913	0.918358845007	0.916340081642	0.919810833406	0.924094252477	0.926898960805	0.925898160338	0.914029730215	0.924498051047	0.915720622348
