Sphingopyxis	g__Sarocladium	Ralstonia	Nocardia	Sphingobacterium	Afipia	Methylovirgula
Sphingopyxis	1	0.976190476190476	0.952380952380953	0.904761904761905	0.976190476190476	0.880952380952381	0.952380952380953
g__Sarocladium	0.976190476190476	1	0.976190476190476	0.857142857142857	0.928571428571429	0.833333333333333	0.880952380952381
Ralstonia	0.952380952380953	0.976190476190476	1	0.904761904761905	0.904761904761905	0.857142857142857	0.857142857142857
Nocardia	0.904761904761905	0.857142857142857	0.904761904761905	1	0.928571428571429	0.976190476190476	0.880952380952381
Sphingobacterium	0.976190476190476	0.928571428571429	0.904761904761905	0.928571428571429	1	0.904761904761905	0.976190476190476
Afipia	0.880952380952381	0.833333333333333	0.857142857142857	0.976190476190476	0.904761904761905	1	0.833333333333333
Methylovirgula	0.952380952380953	0.880952380952381	0.857142857142857	0.880952380952381	0.976190476190476	0.833333333333333	1
