Rhizobium	Chryseobacterium	Mycobacterium	Caulobacter	Reyranella	Afipia	g__Didymella	Ammoniphilus
Rhizobium	1	0.976190476190476	1	0.928571428571429	0.976190476190476	0.928571428571429	0.952380952380953	0.874267171196679
Chryseobacterium	0.976190476190476	1	0.976190476190476	0.904761904761905	0.952380952380953	0.857142857142857	0.976190476190476	0.826362120720149
Mycobacterium	1	0.976190476190476	1	0.928571428571429	0.976190476190476	0.928571428571429	0.952380952380953	0.874267171196679
Caulobacter	0.928571428571429	0.904761904761905	0.928571428571429	1	0.976190476190476	0.833333333333333	0.952380952380953	0.97007727214974
Reyranella	0.976190476190476	0.952380952380953	0.976190476190476	0.976190476190476	1	0.904761904761905	0.976190476190476	0.934148484292342
Afipia	0.928571428571429	0.857142857142857	0.928571428571429	0.833333333333333	0.904761904761905	1	0.833333333333333	0.766480807624486
g__Didymella	0.952380952380953	0.976190476190476	0.952380952380953	0.952380952380953	0.976190476190476	0.833333333333333	1	0.886243433815812
Ammoniphilus	0.874267171196679	0.826362120720149	0.874267171196679	0.97007727214974	0.934148484292342	0.766480807624486	0.886243433815812	1
