g__Acremonium	g__Magnaporthiopsis	g__Phaeoacremonium	Nonomuraea	Rhizomicrobium	Aquimonas	Leifsonia	Bdellovibrio
g__Acremonium	1	0.952380952380953	0.857142857142857	0.880952380952381	0.880952380952381	0.857142857142857	0.904761904761905	0.880952380952381
g__Magnaporthiopsis	0.952380952380953	1	0.833333333333333	0.857142857142857	0.952380952380953	0.761904761904762	0.976190476190476	0.928571428571429
g__Phaeoacremonium	0.857142857142857	0.833333333333333	1	0.619047619047619	0.833333333333333	0.880952380952381	0.80952380952381	0.642857142857143
Nonomuraea	0.880952380952381	0.857142857142857	0.619047619047619	1	0.80952380952381	0.738095238095238	0.833333333333333	0.880952380952381
Rhizomicrobium	0.880952380952381	0.952380952380953	0.833333333333333	0.80952380952381	1	0.80952380952381	0.976190476190476	0.904761904761905
Aquimonas	0.857142857142857	0.761904761904762	0.880952380952381	0.738095238095238	0.80952380952381	1	0.785714285714286	0.714285714285714
Leifsonia	0.904761904761905	0.976190476190476	0.80952380952381	0.833333333333333	0.976190476190476	0.785714285714286	1	0.952380952380953
Bdellovibrio	0.880952380952381	0.928571428571429	0.642857142857143	0.880952380952381	0.904761904761905	0.714285714285714	0.952380952380953	1
