Lysobacter	Chitinophaga	Polaromonas	Reyranella	Kinneretia	Kineosporia	Chelatococcus	Ammoniphilus
Lysobacter	1	0.976190476190476	0.976190476190476	0.80952380952381	0.976190476190476	0.880952380952381	0.880952380952381	0.826362120720149
Chitinophaga	0.976190476190476	1	0.928571428571429	0.857142857142857	0.952380952380953	0.857142857142857	0.928571428571429	0.850314645958414
Polaromonas	0.976190476190476	0.928571428571429	1	0.714285714285714	0.952380952380953	0.80952380952381	0.857142857142857	0.718575757147955
Reyranella	0.80952380952381	0.857142857142857	0.714285714285714	1	0.833333333333333	0.714285714285714	0.785714285714286	0.934148484292342
Kinneretia	0.976190476190476	0.952380952380953	0.952380952380953	0.833333333333333	1	0.904761904761905	0.904761904761905	0.862290908577547
Kineosporia	0.880952380952381	0.857142857142857	0.80952380952381	0.714285714285714	0.904761904761905	1	0.80952380952381	0.826362120720149
Chelatococcus	0.880952380952381	0.928571428571429	0.857142857142857	0.785714285714286	0.904761904761905	0.80952380952381	1	0.730552019767088
Ammoniphilus	0.826362120720149	0.850314645958414	0.718575757147955	0.934148484292342	0.862290908577547	0.826362120720149	0.730552019767088	1
