Burkholderia	Altererythrobacter	Methylobacterium	Pedomicrobium	Methylovirgula	Chelatococcus	Oxalicibacterium	Anaeromyxobacter
Burkholderia	1	0.952380952380953	0.904761904761905	0.952380952380953	0.690476190476191	0.952380952380953	0.922172221673209	0.838338383339281
Altererythrobacter	0.952380952380953	1	0.928571428571429	0.952380952380953	0.714285714285714	0.857142857142857	0.922172221673209	0.922172221673209
Methylobacterium	0.904761904761905	0.928571428571429	1	0.976190476190476	0.880952380952381	0.833333333333333	0.946124746911475	0.874267171196679
Pedomicrobium	0.952380952380953	0.952380952380953	0.976190476190476	1	0.857142857142857	0.857142857142857	0.97007727214974	0.898219696434944
Methylovirgula	0.690476190476191	0.714285714285714	0.880952380952381	0.857142857142857	1	0.595238095238095	0.874267171196679	0.718575757147955
Chelatococcus	0.952380952380953	0.857142857142857	0.833333333333333	0.857142857142857	0.595238095238095	1	0.814385858101016	0.730552019767088
Oxalicibacterium	0.922172221673209	0.922172221673209	0.946124746911475	0.97007727214974	0.874267171196679	0.814385858101016	1	0.801204819277108
Anaeromyxobacter	0.838338383339281	0.922172221673209	0.874267171196679	0.898219696434944	0.718575757147955	0.730552019767088	0.801204819277108	1
