Novosphingobium	Haloactinopolyspora	Gp6	Inquilinus	Luteolibacter	Cohnella	Oxalicibacterium
Novosphingobium	1	0.952380952380953	0.80952380952381	0.761904761904762	0.833333333333333	0.714285714285714	0.898219696434944
Haloactinopolyspora	0.952380952380953	1	0.904761904761905	0.880952380952381	0.880952380952381	0.857142857142857	0.862290908577547
Gp6	0.80952380952381	0.904761904761905	1	0.976190476190476	0.976190476190476	0.857142857142857	0.814385858101016
Inquilinus	0.761904761904762	0.880952380952381	0.976190476190476	1	0.952380952380953	0.928571428571429	0.730552019767088
Luteolibacter	0.833333333333333	0.880952380952381	0.976190476190476	0.952380952380953	1	0.80952380952381	0.790433332862751
Cohnella	0.714285714285714	0.857142857142857	0.857142857142857	0.928571428571429	0.80952380952381	1	0.634741918814027
Oxalicibacterium	0.898219696434944	0.862290908577547	0.814385858101016	0.730552019767088	0.790433332862751	0.634741918814027	1
