Pyxidicoccus	g__Penicillium	Adhaeribacter	Rubrobacter	Actinomycetospora	Oceanibacterium	Nakamurella	Armatimonadetes_gp5
Pyxidicoccus	1	0.857142857142857	0.97007727214974	0.952380952380953	0.952380952380953	0.97007727214974	0.880952380952381	0.862290908577547
g__Penicillium	0.857142857142857	1	0.838338383339281	0.857142857142857	0.857142857142857	0.838338383339281	0.833333333333333	0.802409595481884
Adhaeribacter	0.97007727214974	0.838338383339281	1	0.994029797388005	0.922172221673209	0.927710843373494	0.958101009530607	0.94578313253012
Rubrobacter	0.952380952380953	0.857142857142857	0.994029797388005	1	0.928571428571429	0.922172221673209	0.976190476190476	0.958101009530607
Actinomycetospora	0.952380952380953	0.857142857142857	0.922172221673209	0.928571428571429	1	0.994029797388005	0.857142857142857	0.814385858101016
Oceanibacterium	0.97007727214974	0.838338383339281	0.927710843373494	0.922172221673209	0.994029797388005	1	0.838338383339281	0.801204819277108
Nakamurella	0.880952380952381	0.833333333333333	0.958101009530607	0.976190476190476	0.857142857142857	0.838338383339281	1	0.994029797388005
Armatimonadetes_gp5	0.862290908577547	0.802409595481884	0.94578313253012	0.958101009530607	0.814385858101016	0.801204819277108	0.994029797388005	1
