Armatimonadetes_gp2	Inquilinus	Cohnella	Starkeya	Pedobacter	Saccharomonospora	Atopobium
Armatimonadetes_gp2	1	0.904761904761905	0.857142857142857	0.976190476190476	0.857142857142857	0.904761904761905	0.952380952380953
Inquilinus	0.904761904761905	1	0.928571428571429	0.880952380952381	0.904761904761905	0.952380952380953	0.904761904761905
Cohnella	0.857142857142857	0.928571428571429	1	0.80952380952381	0.833333333333333	0.976190476190476	0.833333333333333
Starkeya	0.976190476190476	0.880952380952381	0.80952380952381	1	0.833333333333333	0.857142857142857	0.904761904761905
Pedobacter	0.857142857142857	0.904761904761905	0.833333333333333	0.833333333333333	1	0.904761904761905	0.857142857142857
Saccharomonospora	0.904761904761905	0.952380952380953	0.976190476190476	0.857142857142857	0.904761904761905	1	0.857142857142857
Atopobium	0.952380952380953	0.904761904761905	0.833333333333333	0.904761904761905	0.857142857142857	0.857142857142857	1
