g__Monocillium	g__Clonostachys	Pedomicrobium	Chelatococcus	Oxalicibacterium	Thiobacillus
g__Monocillium	1	0.904761904761905	0.904761904761905	0.857142857142857	0.862290908577547	0.874267171196679
g__Clonostachys	0.904761904761905	1	0.714285714285714	0.714285714285714	0.59881313095663	0.838338383339281
Pedomicrobium	0.904761904761905	0.714285714285714	1	0.857142857142857	0.97007727214974	0.706599494528823
Chelatococcus	0.857142857142857	0.714285714285714	0.857142857142857	1	0.814385858101016	0.69462323190969
Oxalicibacterium	0.862290908577547	0.59881313095663	0.97007727214974	0.814385858101016	1	0.668674698795181
Thiobacillus	0.874267171196679	0.838338383339281	0.706599494528823	0.69462323190969	0.668674698795181	1
