g__Acremonium	g__Magnaporthiopsis	Nonomuraea	Rhizomicrobium	Leifsonia	Bdellovibrio	Sandaracinus	Polyangium
g__Acremonium	1	0.952380952380953	0.880952380952381	0.880952380952381	0.904761904761905	0.880952380952381	0.814385858101016	0.833333333333333
g__Magnaporthiopsis	0.952380952380953	1	0.857142857142857	0.952380952380953	0.976190476190476	0.928571428571429	0.874267171196679	0.857142857142857
Nonomuraea	0.880952380952381	0.857142857142857	1	0.80952380952381	0.833333333333333	0.880952380952381	0.826362120720149	0.904761904761905
Rhizomicrobium	0.880952380952381	0.952380952380953	0.80952380952381	1	0.976190476190476	0.904761904761905	0.934148484292342	0.928571428571429
Leifsonia	0.904761904761905	0.976190476190476	0.833333333333333	0.976190476190476	1	0.952380952380953	0.898219696434944	0.904761904761905
Bdellovibrio	0.880952380952381	0.928571428571429	0.880952380952381	0.904761904761905	0.952380952380953	1	0.922172221673209	0.904761904761905
Sandaracinus	0.814385858101016	0.874267171196679	0.826362120720149	0.934148484292342	0.898219696434944	0.922172221673209	1	0.934148484292342
Polyangium	0.833333333333333	0.857142857142857	0.904761904761905	0.928571428571429	0.904761904761905	0.904761904761905	0.934148484292342	1
