Pseudomonas	g__Sarocladium	Luteimonas	Achromobacter	Ralstonia	g__Phaeosphaeria
Pseudomonas	1	0.857142857142857	0.880952380952381	0.880952380952381	0.904761904761905	0.904761904761905
g__Sarocladium	0.857142857142857	1	0.880952380952381	0.857142857142857	0.976190476190476	0.738095238095238
Luteimonas	0.880952380952381	0.880952380952381	1	0.738095238095238	0.904761904761905	0.785714285714286
Achromobacter	0.880952380952381	0.857142857142857	0.738095238095238	1	0.880952380952381	0.904761904761905
Ralstonia	0.904761904761905	0.976190476190476	0.904761904761905	0.880952380952381	1	0.761904761904762
g__Phaeosphaeria	0.904761904761905	0.738095238095238	0.785714285714286	0.904761904761905	0.761904761904762	1
