Leifsonia	Bdellovibrio	Nitrosospira	Parachlamydia	Atopobium	Sandaracinus	Polyangium
Leifsonia	1	0.952380952380953	0.785714285714286	0.904761904761905	0.738095238095238	0.898219696434944	0.904761904761905
Bdellovibrio	0.952380952380953	1	0.857142857142857	0.904761904761905	0.880952380952381	0.922172221673209	0.904761904761905
Nitrosospira	0.785714285714286	0.857142857142857	1	0.619047619047619	0.666666666666667	0.922172221673209	0.833333333333333
Parachlamydia	0.904761904761905	0.904761904761905	0.619047619047619	1	0.833333333333333	0.802409595481884	0.857142857142857
Atopobium	0.738095238095238	0.880952380952381	0.666666666666667	0.833333333333333	1	0.730552019767088	0.761904761904762
Sandaracinus	0.898219696434944	0.922172221673209	0.922172221673209	0.802409595481884	0.730552019767088	1	0.934148484292342
Polyangium	0.904761904761905	0.904761904761905	0.833333333333333	0.857142857142857	0.761904761904762	0.934148484292342	1
