Acholeplasma	Methylophilus	Ochrobactrum	Catellatospora	Panacagrimonas	Povalibacter	g__Trichoderma
Acholeplasma	1	0.874267171196679	0.874267171196679	0.838338383339281	0.898219696434944	0.838338383339281	0.874267171196679
Methylophilus	0.874267171196679	1	0.690476190476191	0.80952380952381	0.904761904761905	0.80952380952381	0.761904761904762
Ochrobactrum	0.874267171196679	0.690476190476191	1	0.619047619047619	0.785714285714286	0.619047619047619	0.880952380952381
Catellatospora	0.838338383339281	0.80952380952381	0.619047619047619	1	0.904761904761905	1	0.571428571428572
Panacagrimonas	0.898219696434944	0.904761904761905	0.785714285714286	0.904761904761905	1	0.904761904761905	0.80952380952381
Povalibacter	0.838338383339281	0.80952380952381	0.619047619047619	1	0.904761904761905	1	0.571428571428572
g__Trichoderma	0.874267171196679	0.761904761904762	0.880952380952381	0.571428571428572	0.80952380952381	0.571428571428572	1
