g__Mortierella	Knoellia	Saccharothrix	Nitrospira	Tumebacillus	Rubrobacter	Nakamurella	Armatimonadetes_gp5
g__Mortierella	1	1	0.904761904761905	1	1	0.952380952380953	0.976190476190476	0.97007727214974
Knoellia	1	1	0.904761904761905	1	1	0.952380952380953	0.976190476190476	0.97007727214974
Saccharothrix	0.904761904761905	0.904761904761905	1	0.904761904761905	0.904761904761905	0.904761904761905	0.952380952380953	0.97007727214974
Nitrospira	1	1	0.904761904761905	1	1	0.952380952380953	0.976190476190476	0.97007727214974
Tumebacillus	1	1	0.904761904761905	1	1	0.952380952380953	0.976190476190476	0.97007727214974
Rubrobacter	0.952380952380953	0.952380952380953	0.904761904761905	0.952380952380953	0.952380952380953	1	0.976190476190476	0.958101009530607
Nakamurella	0.976190476190476	0.976190476190476	0.952380952380953	0.976190476190476	0.976190476190476	0.976190476190476	1	0.994029797388005
Armatimonadetes_gp5	0.97007727214974	0.97007727214974	0.97007727214974	0.97007727214974	0.97007727214974	0.958101009530607	0.994029797388005	1
