Novosphingobium	g__Cladosporium	Haloactinopolyspora	Methylobacterium	Pedomicrobium	Oxalicibacterium	Anaeromyxobacter
Novosphingobium	1	0.952380952380953	0.952380952380953	0.880952380952381	0.857142857142857	0.898219696434944	0.790433332862751
g__Cladosporium	0.952380952380953	1	0.857142857142857	0.928571428571429	0.904761904761905	0.874267171196679	0.910195959054077
Haloactinopolyspora	0.952380952380953	0.857142857142857	1	0.761904761904762	0.785714285714286	0.862290908577547	0.730552019767088
Methylobacterium	0.880952380952381	0.928571428571429	0.761904761904762	1	0.976190476190476	0.946124746911475	0.874267171196679
Pedomicrobium	0.857142857142857	0.904761904761905	0.785714285714286	0.976190476190476	1	0.97007727214974	0.898219696434944
Oxalicibacterium	0.898219696434944	0.874267171196679	0.862290908577547	0.946124746911475	0.97007727214974	1	0.801204819277108
Anaeromyxobacter	0.790433332862751	0.910195959054077	0.730552019767088	0.874267171196679	0.898219696434944	0.801204819277108	1
