g__Ophiosphaerella	Acholeplasma	Rhizomicrobium	Ochrobactrum	Leifsonia	Bdellovibrio	Armatimonadetes_gp2	Polyangium
g__Ophiosphaerella	1	0.838338383339281	0.857142857142857	0.880952380952381	0.904761904761905	0.904761904761905	0.857142857142857	0.857142857142857
Acholeplasma	0.838338383339281	1	0.754504545005353	0.874267171196679	0.778457070243618	0.790433332862751	0.814385858101016	0.682646969290558
Rhizomicrobium	0.857142857142857	0.754504545005353	1	0.642857142857143	0.976190476190476	0.904761904761905	0.595238095238095	0.928571428571429
Ochrobactrum	0.880952380952381	0.874267171196679	0.642857142857143	1	0.738095238095238	0.738095238095238	0.833333333333333	0.619047619047619
Leifsonia	0.904761904761905	0.778457070243618	0.976190476190476	0.738095238095238	1	0.952380952380953	0.666666666666667	0.904761904761905
Bdellovibrio	0.904761904761905	0.790433332862751	0.904761904761905	0.738095238095238	0.952380952380953	1	0.80952380952381	0.904761904761905
Armatimonadetes_gp2	0.857142857142857	0.814385858101016	0.595238095238095	0.833333333333333	0.666666666666667	0.80952380952381	1	0.714285714285714
Polyangium	0.857142857142857	0.682646969290558	0.928571428571429	0.619047619047619	0.904761904761905	0.904761904761905	0.714285714285714	1
