Actinosynnema	Chitinophaga	Reyranella	Kinneretia	Kineosporia	Chelatococcus
Actinosynnema	1	0.904761904761905	0.857142857142857	0.880952380952381	0.857142857142857	0.952380952380953
Chitinophaga	0.904761904761905	1	0.857142857142857	0.952380952380953	0.857142857142857	0.928571428571429
Reyranella	0.857142857142857	0.857142857142857	1	0.833333333333333	0.714285714285714	0.785714285714286
Kinneretia	0.880952380952381	0.952380952380953	0.833333333333333	1	0.904761904761905	0.904761904761905
Kineosporia	0.857142857142857	0.857142857142857	0.714285714285714	0.904761904761905	1	0.80952380952381
Chelatococcus	0.952380952380953	0.928571428571429	0.785714285714286	0.904761904761905	0.80952380952381	1
