Novosphingobium	g__Cladosporium	Afipia	Haloactinopolyspora	Methylobacterium	Pedomicrobium	Oxalicibacterium
Novosphingobium	1	0.952380952380953	0.857142857142857	0.952380952380953	0.880952380952381	0.857142857142857	0.898219696434944
g__Cladosporium	0.952380952380953	1	0.785714285714286	0.857142857142857	0.928571428571429	0.904761904761905	0.874267171196679
Afipia	0.857142857142857	0.785714285714286	1	0.80952380952381	0.904761904761905	0.880952380952381	0.934148484292342
Haloactinopolyspora	0.952380952380953	0.857142857142857	0.80952380952381	1	0.761904761904762	0.785714285714286	0.862290908577547
Methylobacterium	0.880952380952381	0.928571428571429	0.904761904761905	0.761904761904762	1	0.976190476190476	0.946124746911475
Pedomicrobium	0.857142857142857	0.904761904761905	0.880952380952381	0.785714285714286	0.976190476190476	1	0.97007727214974
Oxalicibacterium	0.898219696434944	0.874267171196679	0.934148484292342	0.862290908577547	0.946124746911475	0.97007727214974	1
