g__Chaetomium	Nocardia	Sphingobacterium	Methylobacterium	Pedomicrobium	Methylovirgula
g__Chaetomium	1	0.880952380952381	0.904761904761905	0.880952380952381	0.857142857142857	0.880952380952381
Nocardia	0.880952380952381	1	0.928571428571429	0.880952380952381	0.857142857142857	0.880952380952381
Sphingobacterium	0.904761904761905	0.928571428571429	1	0.952380952380953	0.928571428571429	0.976190476190476
Methylobacterium	0.880952380952381	0.880952380952381	0.952380952380953	1	0.976190476190476	0.880952380952381
Pedomicrobium	0.857142857142857	0.857142857142857	0.928571428571429	0.976190476190476	1	0.857142857142857
Methylovirgula	0.880952380952381	0.880952380952381	0.976190476190476	0.880952380952381	0.857142857142857	1
