Flavobacterium	Kribbella	Kaistia	Sulfuriferula	Thermoleophilum	Pseudenhygromyxa	Ammoniphilus
Flavobacterium	1	0.904761904761905	0.976190476190476	0.904761904761905	0.976190476190476	0.850314645958414	0.946124746911475
Kribbella	0.904761904761905	1	0.833333333333333	1	0.952380952380953	0.850314645958414	0.814385858101016
Kaistia	0.976190476190476	0.833333333333333	1	0.833333333333333	0.952380952380953	0.790433332862751	0.97007727214974
Sulfuriferula	0.904761904761905	1	0.833333333333333	1	0.952380952380953	0.850314645958414	0.814385858101016
Thermoleophilum	0.976190476190476	0.952380952380953	0.952380952380953	0.952380952380953	1	0.886243433815812	0.946124746911475
Pseudenhygromyxa	0.850314645958414	0.850314645958414	0.790433332862751	0.850314645958414	0.886243433815812	1	0.86144578313253
Ammoniphilus	0.946124746911475	0.814385858101016	0.97007727214974	0.814385858101016	0.946124746911475	0.86144578313253	1
