Promicromonospora	Flavobacterium	Rhizobium	Sphingomonas	Chryseobacterium	g__Acremonium	Mycobacterium	Microbacterium	g__Ophiosphaerella	g__Gibberella	Lysobacter	g__Pyrenochaetopsis	Burkholderia	Bacillus	Amycolatopsis	Sphingobium	Luteimonas	Achromobacter	Microvirga	Novosphingobium	Kaistia	g__Bipolaris	Chitinophaga	g__Pseudogymnoascus	Hyphomicrobium	Iamia	Pseudorhodoferax	Dissulfuribacter	Nocardia	Methylophilus	Reyranella	Afipia	Rhizocola	Nonomuraea	g__Didymella	Haloactinopolyspora	Panacagrimonas	Povalibacter	Pedomicrobium	Variibacter	Pedobacter	Chelativorans	Chelatococcus
Promicromonospora	1	0.779411764705882	0.924019607843137	0.919117647058824	0.865196078431373	0.772058823529412	0.821078431372549	0.803921568627451	0.901960784313726	0.717446883011566	0.862745098039216	0.639705882352941	0.821078431372549	0.892156862745098	0.794117647058824	0.720588235294118	0.879901960784314	0.843137254901961	0.794117647058824	0.909313725490196	0.786764705882353	0.865196078431373	0.842428116649368	0.816176470588235	0.813725490196079	0.924019607843137	0.644607843137255	0.865196078431373	0.798283411846781	0.887254901960784	0.911764705882353	0.808823529411765	0.844880600249511	0.729976881987551	0.659313725490196	0.851011809249871	0.909313725490196	0.850817649613869	0.818627450980392	0.764705882352941	0.884120337851811	0.803921568627451	0.745326168119929
Flavobacterium	0.779411764705882	1	0.86764705882353	0.818627450980392	0.833333333333333	0.441176470588235	0.708333333333333	0.561274509803922	0.634803921568628	0.299755204545928	0.845588235294118	0.377450980392157	0.642156862745098	0.642156862745098	0.66421568627451	0.495098039215686	0.767156862745098	0.58578431372549	0.691176470588235	0.71078431372549	0.933823529411765	0.71078431372549	0.68546916624017	0.708333333333333	0.806372549019608	0.825980392156863	0.688725490196079	0.659313725490196	0.571428678833487	0.774509803921569	0.801470588235294	0.784313725490196	0.71857769484211	0.361289233821541	0.845588235294118	0.606989691035571	0.786764705882353	0.726277674815317	0.600490196078431	0.774509803921569	0.806867104447284	0.754901960784314	0.720273187678923
Rhizobium	0.924019607843137	0.86764705882353	1	0.963235294117647	0.946078431372549	0.669117647058824	0.821078431372549	0.75	0.865196078431373	0.557741241245293	0.921568627450981	0.598039215686275	0.78921568627451	0.794117647058824	0.781862745098039	0.752450980392157	0.950980392156863	0.843137254901961	0.823529411764706	0.877450980392157	0.870098039215686	0.865196078431373	0.859595501850374	0.821078431372549	0.816176470588235	0.955882352941177	0.732843137254902	0.732843137254902	0.756591190644337	0.928921568627451	0.921568627450981	0.901960784313726	0.830165698648649	0.567211766409246	0.801470588235294	0.762722399644697	0.906862745098039	0.849584580556457	0.754901960784314	0.752450980392157	0.83752314944908	0.776960784313726	0.822990407487047
Sphingomonas	0.919117647058824	0.818627450980392	0.963235294117647	1	0.926470588235294	0.774509803921569	0.811274509803922	0.833333333333333	0.877450980392157	0.606881438711838	0.926470588235294	0.66421568627451	0.799019607843137	0.821078431372549	0.825980392156863	0.752450980392157	0.941176470588235	0.901960784313726	0.850490196078431	0.901960784313726	0.840686274509804	0.860294117647059	0.858369260050302	0.870098039215686	0.843137254901961	0.955882352941177	0.764705882352941	0.762254901960784	0.827713215048505	0.938725490196079	0.899509803921569	0.889705882352941	0.859595501850374	0.631331357394639	0.75	0.71857769484211	0.924019607843137	0.879178237934331	0.838235294117647	0.786764705882353	0.849785567449799	0.764705882352941	0.830506301619349
Chryseobacterium	0.865196078431373	0.833333333333333	0.946078431372549	0.926470588235294	1	0.745098039215686	0.740196078431373	0.79656862745098	0.865196078431373	0.594596389345202	0.901960784313726	0.644607843137255	0.637254901960784	0.713235294117647	0.754901960784314	0.79656862745098	0.911764705882353	0.857843137254902	0.723039215686275	0.887254901960784	0.850490196078431	0.879901960784314	0.781116026645775	0.78921568627451	0.745098039215686	0.919117647058824	0.781862745098039	0.622549019607843	0.841201874849296	0.855392156862745	0.811274509803922	0.79656862745098	0.777437301245559	0.635030564566873	0.811274509803922	0.64622942863787	0.825980392156863	0.760803608422836	0.79656862745098	0.715686274509804	0.826486973248433	0.696078431372549	0.726536432789174
g__Acremonium	0.772058823529412	0.441176470588235	0.669117647058824	0.774509803921569	0.745098039215686	1	0.524509803921569	0.848039215686275	0.808823529411765	0.798528208831366	0.715686274509804	0.752450980392157	0.53921568627451	0.693627450980392	0.713235294117647	0.688725490196079	0.723039215686275	0.808823529411765	0.58578431372549	0.772058823529412	0.517156862745098	0.791666666666667	0.69895782604096	0.700980392156863	0.605392156862745	0.713235294117647	0.678921568627451	0.651960784313726	0.916002624653679	0.649509803921569	0.612745098039216	0.53921568627451	0.717351453042038	0.923568724001142	0.455882352941177	0.533415183031259	0.67156862745098	0.664624221944747	0.894607843137255	0.573529411764706	0.660944330238732	0.553921568627451	0.537386430459579
Mycobacterium	0.821078431372549	0.708333333333333	0.821078431372549	0.811274509803922	0.740196078431373	0.524509803921569	1	0.566176470588235	0.786764705882353	0.511058053652074	0.791666666666667	0.357843137254902	0.882352941176471	0.862745098039216	0.875	0.593137254901961	0.772058823529412	0.791666666666667	0.933823529411765	0.799019607843137	0.833333333333333	0.737745098039216	0.821582006048146	0.833333333333333	0.811274509803922	0.852941176470588	0.303921568627451	0.776960784313726	0.669528022839235	0.825980392156863	0.926470588235294	0.833333333333333	0.836296907649008	0.478430794275625	0.573529411764706	0.808093346247356	0.887254901960784	0.747239848791311	0.642156862745098	0.862745098039216	0.833844424048864	0.830882352941177	0.860569878148556
Microbacterium	0.803921568627451	0.561274509803922	0.75	0.833333333333333	0.79656862745098	0.848039215686275	0.566176470588235	1	0.71078431372549	0.727274922504875	0.674019607843137	0.838235294117647	0.529411764705882	0.602941176470588	0.563725490196079	0.74264705882353	0.764705882352941	0.823529411764706	0.551470588235294	0.83578431372549	0.551470588235294	0.730392156862745	0.619252109036289	0.752450980392157	0.534313725490196	0.764705882352941	0.71078431372549	0.553921568627451	0.892704030452314	0.727941176470588	0.637254901960784	0.612745098039216	0.599632240235139	0.707781638954146	0.458333333333333	0.570202437033415	0.745098039215686	0.628865219279816	0.899509803921569	0.487745098039216	0.705089035041319	0.443627450980392	0.50231225784217
g__Ophiosphaerella	0.901960784313726	0.634803921568628	0.865196078431373	0.877450980392157	0.865196078431373	0.808823529411765	0.786764705882353	0.71078431372549	1	0.729731932378202	0.857843137254902	0.575980392156863	0.754901960784314	0.911764705882353	0.83578431372549	0.754901960784314	0.843137254901961	0.909313725490196	0.784313725490196	0.86764705882353	0.708333333333333	0.83578431372549	0.830165698648649	0.720588235294118	0.784313725490196	0.901960784313726	0.610294117647059	0.791666666666667	0.774984817645415	0.857843137254902	0.825980392156863	0.759803921568628	0.862047985450517	0.760803608422836	0.659313725490196	0.728387629242685	0.823529411764706	0.855749925843514	0.727941176470588	0.759803921568628	0.827713215048505	0.769607843137255	0.727789081811225
g__Gibberella	0.717446883011566	0.299755204545928	0.557741241245293	0.606881438711838	0.594596389345202	0.798528208831366	0.511058053652074	0.727274922504875	0.729731932378202	1	0.574940310358584	0.808356248324675	0.567569280738602	0.64127957693842	0.542999182005329	0.638822567065093	0.660935655925039	0.710075853391584	0.528257122765365	0.69533379415162	0.383293540239056	0.764130070604784	0.614629194812088	0.611795458458493	0.481573935172147	0.597053399218529	0.466831875932183	0.616709478205148	0.746159842501875	0.459460846312202	0.584768349851893	0.449632806818892	0.604795127695095	0.81211930453204	0.402949619225674	0.623234003539457	0.542999182005329	0.541412869688027	0.70516183364493	0.454546826565547	0.518747040421402	0.528257122765365	0.483456271034841
Lysobacter	0.862745098039216	0.845588235294118	0.921568627450981	0.926470588235294	0.901960784313726	0.715686274509804	0.791666666666667	0.674019607843137	0.857843137254902	0.574940310358584	1	0.54656862745098	0.813725490196079	0.806372549019608	0.816176470588235	0.700980392156863	0.926470588235294	0.848039215686275	0.830882352941177	0.843137254901961	0.897058823529412	0.855392156862745	0.918455108253823	0.821078431372549	0.921568627450981	0.924019607843137	0.713235294117647	0.784313725490196	0.766401125044912	0.860294117647059	0.899509803921569	0.875	0.898835239452673	0.598038492844531	0.781862745098039	0.664623055638948	0.862745098039216	0.853283787728692	0.767156862745098	0.872549019607843	0.827713215048505	0.860294117647059	0.869338421302909
g__Pyrenochaetopsis	0.639705882352941	0.377450980392157	0.598039215686275	0.66421568627451	0.644607843137255	0.752450980392157	0.357843137254902	0.838235294117647	0.575980392156863	0.808356248324675	0.54656862745098	1	0.431372549019608	0.377450980392157	0.372549019607843	0.688725490196079	0.705882352941177	0.676470588235294	0.42156862745098	0.651960784313726	0.365196078431373	0.740196078431373	0.47455557662781	0.583333333333333	0.357843137254902	0.595588235294118	0.732843137254902	0.370098039215686	0.716125211241966	0.512254901960784	0.495098039215686	0.446078431372549	0.405886035823786	0.664624221944747	0.46078431372549	0.463519400427163	0.517156862745098	0.456235551242219	0.752450980392157	0.281862745098039	0.445125773426085	0.33578431372549	0.4183847733648
Burkholderia	0.821078431372549	0.642156862745098	0.78921568627451	0.799019607843137	0.637254901960784	0.53921568627451	0.882352941176471	0.529411764705882	0.754901960784314	0.567569280738602	0.813725490196079	0.431372549019608	1	0.862745098039216	0.808823529411765	0.642156862745098	0.825980392156863	0.779411764705882	0.909313725490196	0.799019607843137	0.740196078431373	0.737745098039216	0.898835239452673	0.83578431372549	0.884803921568628	0.779411764705882	0.384803921568628	0.882352941176471	0.608215932835642	0.825980392156863	0.941176470588235	0.865196078431373	0.864500469050661	0.452536344069985	0.522058823529412	0.851011809249871	0.860294117647059	0.81629171600635	0.654411764705882	0.843137254901961	0.714898969441894	0.889705882352941	0.924454978273122
Bacillus	0.892156862745098	0.642156862745098	0.794117647058824	0.821078431372549	0.713235294117647	0.693627450980392	0.862745098039216	0.602941176470588	0.911764705882353	0.64127957693842	0.806372549019608	0.377450980392157	0.862745098039216	1	0.872549019607843	0.58578431372549	0.74264705882353	0.808823529411765	0.860294117647059	0.813725490196079	0.723039215686275	0.737745098039216	0.846106842049583	0.740196078431373	0.862745098039216	0.845588235294118	0.416666666666667	0.931372549019608	0.681790440839954	0.823529411764706	0.875	0.781862745098039	0.928265042654398	0.659691945715101	0.558823529411765	0.798283411846781	0.857843137254902	0.902606550025148	0.651960784313726	0.865196078431373	0.839975633049224	0.850490196078431	0.784158287803488
Amycolatopsis	0.794117647058824	0.66421568627451	0.781862745098039	0.825980392156863	0.754901960784314	0.713235294117647	0.875	0.563725490196079	0.83578431372549	0.542999182005329	0.816176470588235	0.372549019607843	0.808823529411765	0.872549019607843	1	0.588235294117647	0.774509803921569	0.781862745098039	0.892156862745098	0.786764705882353	0.79656862745098	0.786764705882353	0.832618182248793	0.862745098039216	0.862745098039216	0.786764705882353	0.455882352941177	0.830882352941177	0.763948641444768	0.79656862745098	0.855392156862745	0.762254901960784	0.900061481252745	0.668323429116981	0.61764705882353	0.7320663546429	0.850490196078431	0.763269746537659	0.74264705882353	0.875	0.767627366844984	0.875	0.848043387928053
Sphingobium	0.720588235294118	0.495098039215686	0.752450980392157	0.752450980392157	0.79656862745098	0.688725490196079	0.593137254901961	0.74264705882353	0.754901960784314	0.638822567065093	0.700980392156863	0.688725490196079	0.642156862745098	0.58578431372549	0.588235294117647	1	0.830882352941177	0.882352941176471	0.575980392156863	0.897058823529412	0.544117647058824	0.757352941176471	0.686695408040241	0.715686274509804	0.590686274509804	0.681372549019608	0.649509803921569	0.531862745098039	0.770079850445128	0.767156862745098	0.656862745098039	0.639705882352941	0.616799625436145	0.552414937720309	0.482843137254902	0.71244648584175	0.688725490196079	0.614068390590879	0.759803921568628	0.519607843137255	0.555487535432552	0.53921568627451	0.642608948311804
Luteimonas	0.879901960784314	0.767156862745098	0.950980392156863	0.941176470588235	0.911764705882353	0.723039215686275	0.772058823529412	0.764705882352941	0.843137254901961	0.660935655925039	0.926470588235294	0.705882352941177	0.825980392156863	0.74264705882353	0.774509803921569	0.830882352941177	1	0.879901960784314	0.806372549019608	0.897058823529412	0.803921568627451	0.904411764705882	0.896382755852529	0.882352941176471	0.823529411764706	0.887254901960784	0.745098039215686	0.727941176470588	0.809319588047427	0.884803921568628	0.906862745098039	0.884803921568628	0.826486973248433	0.586940871327828	0.740196078431373	0.746781256243762	0.875	0.79902874920259	0.823529411764706	0.732843137254902	0.73819756364326	0.799019607843137	0.865580474236758
Achromobacter	0.843137254901961	0.58578431372549	0.843137254901961	0.901960784313726	0.857843137254902	0.808823529411765	0.791666666666667	0.823529411764706	0.909313725490196	0.710075853391584	0.848039215686275	0.676470588235294	0.779411764705882	0.808823529411765	0.781862745098039	0.882352941176471	0.879901960784314	1	0.786764705882353	0.931372549019608	0.683823529411765	0.799019607843137	0.826486973248433	0.816176470588235	0.757352941176471	0.875	0.61764705882353	0.700980392156863	0.848559325649727	0.882352941176471	0.803921568627451	0.779411764705882	0.800735895446924	0.669556498174392	0.54656862745098	0.71244648584175	0.843137254901961	0.786698058628476	0.82843137254902	0.727941176470588	0.773758575845343	0.681372549019608	0.760357956384532
Microvirga	0.794117647058824	0.691176470588235	0.823529411764706	0.850490196078431	0.723039215686275	0.58578431372549	0.933823529411765	0.551470588235294	0.784313725490196	0.528257122765365	0.830882352941177	0.42156862745098	0.909313725490196	0.860294117647059	0.892156862745098	0.575980392156863	0.806372549019608	0.786764705882353	1	0.767156862745098	0.83578431372549	0.791666666666667	0.871857919851092	0.830882352941177	0.840686274509804	0.852941176470588	0.41421568627451	0.779411764705882	0.669528022839235	0.813725490196079	0.933823529411765	0.892156862745098	0.897608997652601	0.489528415792327	0.67156862745098	0.750459981643978	0.843137254901961	0.8434192352694	0.637254901960784	0.875	0.779889784845703	0.82843137254902	0.943244713603876
Novosphingobium	0.909313725490196	0.71078431372549	0.877450980392157	0.901960784313726	0.887254901960784	0.772058823529412	0.799019607843137	0.83578431372549	0.86764705882353	0.69533379415162	0.843137254901961	0.651960784313726	0.799019607843137	0.813725490196079	0.786764705882353	0.897058823529412	0.897058823529412	0.931372549019608	0.767156862745098	1	0.767156862745098	0.848039215686275	0.827713215048505	0.884803921568628	0.794117647058824	0.852941176470588	0.639705882352941	0.772058823529412	0.87676288705138	0.892156862745098	0.852941176470588	0.803921568627451	0.816677038847858	0.639962840796519	0.607843137254902	0.815450797047787	0.86764705882353	0.785464989571064	0.872549019607843	0.759803921568628	0.821582006048146	0.75	0.774137095627086
Kaistia	0.786764705882353	0.933823529411765	0.870098039215686	0.840686274509804	0.850490196078431	0.517156862745098	0.833333333333333	0.551470588235294	0.708333333333333	0.383293540239056	0.897058823529412	0.365196078431373	0.740196078431373	0.723039215686275	0.79656862745098	0.544117647058824	0.803921568627451	0.683823529411765	0.83578431372549	0.767156862745098	1	0.769607843137255	0.815450797047787	0.801470588235294	0.843137254901961	0.86764705882353	0.563725490196079	0.686274509803922	0.670754264639307	0.79656862745098	0.879901960784314	0.870098039215686	0.809319588047427	0.425408824806934	0.845588235294118	0.636419494237295	0.786764705882353	0.739841434446842	0.656862745098039	0.862745098039216	0.87063167805102	0.813725490196079	0.83301159966345
g__Bipolaris	0.865196078431373	0.71078431372549	0.865196078431373	0.860294117647059	0.879901960784314	0.791666666666667	0.737745098039216	0.730392156862745	0.83578431372549	0.764130070604784	0.855392156862745	0.740196078431373	0.737745098039216	0.737745098039216	0.786764705882353	0.757352941176471	0.904411764705882	0.799019607843137	0.791666666666667	0.848039215686275	0.769607843137255	1	0.803188379047068	0.808823529411765	0.752450980392157	0.833333333333333	0.708333333333333	0.71078431372549	0.841201874849296	0.735294117647059	0.848039215686275	0.745098039215686	0.832618182248793	0.72011232952826	0.754901960784314	0.733292596442972	0.794117647058824	0.771901229939539	0.79656862745098	0.74264705882353	0.717351453042038	0.779411764705882	0.810463917266544
Chitinophaga	0.842428116649368	0.68546916624017	0.859595501850374	0.858369260050302	0.781116026645775	0.69895782604096	0.821582006048146	0.619252109036289	0.830165698648649	0.614629194812088	0.918455108253823	0.47455557662781	0.898835239452673	0.846106842049583	0.832618182248793	0.686695408040241	0.896382755852529	0.826486973248433	0.871857919851092	0.827713215048505	0.815450797047787	0.803188379047068	1	0.852238051049942	0.874310403451236	0.848559325649727	0.506437863429678	0.825260731448362	0.764417177914111	0.832618182248793	0.933170009854685	0.916002624653679	0.912269938650307	0.586067022054122	0.635193252437223	0.731288343558282	0.82403448964829	0.824812219459328	0.755364948844266	0.822808247848218	0.777300613496933	0.855916776450158	0.89870019176207
g__Pseudogymnoascus	0.816176470588235	0.708333333333333	0.821078431372549	0.870098039215686	0.78921568627451	0.700980392156863	0.833333333333333	0.752450980392157	0.720588235294118	0.611795458458493	0.821078431372549	0.583333333333333	0.83578431372549	0.740196078431373	0.862745098039216	0.715686274509804	0.882352941176471	0.816176470588235	0.830882352941177	0.884803921568628	0.801470588235294	0.808823529411765	0.852238051049942	1	0.825980392156863	0.772058823529412	0.53921568627451	0.772058823529412	0.860821743650446	0.816176470588235	0.882352941176471	0.82843137254902	0.816677038847858	0.564745628294423	0.57843137254902	0.754138707044194	0.877450980392157	0.685586395920741	0.889705882352941	0.786764705882353	0.740650047243403	0.816176470588235	0.858064580104456
Hyphomicrobium	0.813725490196079	0.806372549019608	0.816176470588235	0.843137254901961	0.745098039215686	0.605392156862745	0.811274509803922	0.534313725490196	0.784313725490196	0.481573935172147	0.921568627450981	0.357843137254902	0.884803921568628	0.862745098039216	0.862745098039216	0.590686274509804	0.823529411764706	0.757352941176471	0.840686274509804	0.794117647058824	0.843137254901961	0.752450980392157	0.874310403451236	0.825980392156863	1	0.806372549019608	0.568627450980392	0.911764705882353	0.654813121238373	0.821078431372549	0.887254901960784	0.821078431372549	0.931943768054613	0.505558313538676	0.656862745098039	0.722256420242325	0.882352941176471	0.86068220207316	0.688725490196079	0.95343137254902	0.76517488324484	0.95343137254902	0.896896699788015
Iamia	0.924019607843137	0.825980392156863	0.955882352941177	0.955882352941177	0.919117647058824	0.713235294117647	0.852941176470588	0.764705882352941	0.901960784313726	0.597053399218529	0.924019607843137	0.595588235294118	0.779411764705882	0.845588235294118	0.786764705882353	0.681372549019608	0.887254901960784	0.875	0.852941176470588	0.852941176470588	0.86764705882353	0.833333333333333	0.848559325649727	0.772058823529412	0.806372549019608	1	0.66421568627451	0.732843137254902	0.757817432444409	0.911764705882353	0.904411764705882	0.879901960784314	0.838749391249152	0.620233735877936	0.764705882352941	0.697731584240888	0.884803921568628	0.868080616417628	0.740196078431373	0.794117647058824	0.919681350053895	0.75	0.786663585847589
Pseudorhodoferax	0.644607843137255	0.688725490196079	0.732843137254902	0.764705882352941	0.781862745098039	0.678921568627451	0.303921568627451	0.71078431372549	0.610294117647059	0.466831875932183	0.713235294117647	0.732843137254902	0.384803921568628	0.416666666666667	0.455882352941177	0.649509803921569	0.745098039215686	0.61764705882353	0.41421568627451	0.639705882352941	0.563725490196079	0.708333333333333	0.506437863429678	0.53921568627451	0.568627450980392	0.66421568627451	1	0.441176470588235	0.622930834436505	0.644607843137255	0.507352941176471	0.536764705882353	0.528510215830971	0.552414937720309	0.727941176470588	0.398528585023354	0.590686274509804	0.635030564566873	0.67156862745098	0.436274509803922	0.499080412629247	0.45343137254902	0.489785767621667
Dissulfuribacter	0.865196078431373	0.659313725490196	0.732843137254902	0.762254901960784	0.622549019607843	0.651960784313726	0.776960784313726	0.553921568627451	0.791666666666667	0.616709478205148	0.784313725490196	0.370098039215686	0.882352941176471	0.931372549019608	0.830882352941177	0.531862745098039	0.727941176470588	0.700980392156863	0.779411764705882	0.772058823529412	0.686274509803922	0.71078431372549	0.825260731448362	0.772058823529412	0.911764705882353	0.732843137254902	0.441176470588235	1	0.638871977837439	0.754901960784314	0.852941176470588	0.715686274509804	0.897608997652601	0.635030564566873	0.490196078431373	0.826486973248433	0.852941176470588	0.836020820924932	0.683823529411765	0.857843137254902	0.73819756364326	0.91421568627451	0.776642393671186
Nocardia	0.798283411846781	0.571428678833487	0.756591190644337	0.827713215048505	0.841201874849296	0.916002624653679	0.669528022839235	0.892704030452314	0.774984817645415	0.746159842501875	0.766401125044912	0.716125211241966	0.608215932835642	0.681790440839954	0.763948641444768	0.770079850445128	0.809319588047427	0.848559325649727	0.669528022839235	0.87676288705138	0.670754264639307	0.841201874849296	0.764417177914111	0.860821743650446	0.654813121238373	0.757817432444409	0.622930834436505	0.638871977837439	1	0.71244648584175	0.719803936642182	0.664623055638948	0.756441717791411	0.787180547516905	0.512569072430037	0.606134969325153	0.760269916044553	0.642206073640359	0.951563636855763	0.654813121238373	0.730674846625767	0.616799625436145	0.65491053025897
Methylophilus	0.887254901960784	0.774509803921569	0.928921568627451	0.938725490196079	0.855392156862745	0.649509803921569	0.825980392156863	0.727941176470588	0.857843137254902	0.459460846312202	0.860294117647059	0.512254901960784	0.825980392156863	0.823529411764706	0.79656862745098	0.767156862745098	0.884803921568628	0.882352941176471	0.813725490196079	0.892156862745098	0.79656862745098	0.735294117647059	0.832618182248793	0.816176470588235	0.821078431372549	0.911764705882353	0.644607843137255	0.754901960784314	0.71244648584175	1	0.884803921568628	0.892156862745098	0.794604686446565	0.50925752071091	0.644607843137255	0.749233739843906	0.909313725490196	0.840953097154578	0.757352941176471	0.754901960784314	0.853464292850014	0.754901960784314	0.796684778023991
Reyranella	0.911764705882353	0.801470588235294	0.921568627450981	0.899509803921569	0.811274509803922	0.612745098039216	0.926470588235294	0.637254901960784	0.825980392156863	0.584768349851893	0.899509803921569	0.495098039215686	0.941176470588235	0.875	0.855392156862745	0.656862745098039	0.906862745098039	0.803921568627451	0.933823529411765	0.852941176470588	0.879901960784314	0.848039215686275	0.933170009854685	0.882352941176471	0.887254901960784	0.904411764705882	0.507352941176471	0.852941176470588	0.719803936642182	0.884803921568628	1	0.936274509803922	0.901287723052817	0.52652048751467	0.698529411764706	0.832618182248793	0.91421568627451	0.850817649613869	0.727941176470588	0.862745098039216	0.844880600249511	0.899509803921569	0.926960276317222
Afipia	0.808823529411765	0.784313725490196	0.901960784313726	0.889705882352941	0.79656862745098	0.53921568627451	0.833333333333333	0.612745098039216	0.759803921568628	0.449632806818892	0.875	0.446078431372549	0.865196078431373	0.781862745098039	0.762254901960784	0.639705882352941	0.884803921568628	0.779411764705882	0.892156862745098	0.803921568627451	0.870098039215686	0.745098039215686	0.916002624653679	0.82843137254902	0.821078431372549	0.879901960784314	0.536764705882353	0.715686274509804	0.664623055638948	0.892156862745098	0.936274509803922	1	0.841201874849296	0.362522302878953	0.74264705882353	0.669528022839235	0.818627450980392	0.844652304326812	0.656862745098039	0.784313725490196	0.814224555247715	0.779411764705882	0.904412593920317
Rhizocola	0.844880600249511	0.71857769484211	0.830165698648649	0.859595501850374	0.777437301245559	0.717351453042038	0.836296907649008	0.599632240235139	0.862047985450517	0.604795127695095	0.898835239452673	0.405886035823786	0.864500469050661	0.928265042654398	0.900061481252745	0.616799625436145	0.826486973248433	0.800735895446924	0.897608997652601	0.816677038847858	0.809319588047427	0.832618182248793	0.912269938650307	0.816677038847858	0.931943768054613	0.838749391249152	0.528510215830971	0.897608997652601	0.756441717791411	0.794604686446565	0.901287723052817	0.841201874849296	1	0.612594266210256	0.663396813838876	0.72638036809816	0.865726710850733	0.92536898219072	0.700184067841032	0.933170009854685	0.78159509202454	0.900061481252745	0.904967278176031
Nonomuraea	0.729976881987551	0.361289233821541	0.567211766409246	0.631331357394639	0.635030564566873	0.923568724001142	0.478430794275625	0.707781638954146	0.760803608422836	0.81211930453204	0.598038492844531	0.664624221944747	0.452536344069985	0.659691945715101	0.668323429116981	0.552414937720309	0.586940871327828	0.669556498174392	0.489528415792327	0.639962840796519	0.425408824806934	0.72011232952826	0.586067022054122	0.564745628294423	0.505558313538676	0.620233735877936	0.552414937720309	0.635030564566873	0.787180547516905	0.50925752071091	0.52652048751467	0.362522302878953	0.612594266210256	1	0.388416753084592	0.571878030993865	0.57954245698336	0.531017369727047	0.776833506169185	0.477197725218213	0.582982458780153	0.516655935055378	0.391983107201517
g__Didymella	0.659313725490196	0.845588235294118	0.801470588235294	0.75	0.811274509803922	0.455882352941177	0.573529411764706	0.458333333333333	0.659313725490196	0.402949619225674	0.781862745098039	0.46078431372549	0.522058823529412	0.558823529411765	0.61764705882353	0.482843137254902	0.740196078431373	0.54656862745098	0.67156862745098	0.607843137254902	0.845588235294118	0.754901960784314	0.635193252437223	0.57843137254902	0.656862745098039	0.764705882352941	0.727941176470588	0.490196078431373	0.512569072430037	0.644607843137255	0.698529411764706	0.74264705882353	0.663396813838876	0.388416753084592	1	0.469650609427522	0.571078431372549	0.692984810265209	0.465686274509804	0.634803921568628	0.673206748239451	0.637254901960784	0.685199015061514
Haloactinopolyspora	0.851011809249871	0.606989691035571	0.762722399644697	0.71857769484211	0.64622942863787	0.533415183031259	0.808093346247356	0.570202437033415	0.728387629242685	0.623234003539457	0.664623055638948	0.463519400427163	0.851011809249871	0.798283411846781	0.7320663546429	0.71244648584175	0.746781256243762	0.71244648584175	0.750459981643978	0.815450797047787	0.636419494237295	0.733292596442972	0.731288343558282	0.754138707044194	0.722256420242325	0.697731584240888	0.398528585023354	0.826486973248433	0.606134969325153	0.749233739843906	0.832618182248793	0.669528022839235	0.72638036809816	0.571878030993865	0.469650609427522	1	0.816677038847858	0.687240697440308	0.647455670437942	0.667075539239092	0.63680981595092	0.760269916044553	0.726982024019527
Panacagrimonas	0.909313725490196	0.786764705882353	0.906862745098039	0.924019607843137	0.825980392156863	0.67156862745098	0.887254901960784	0.745098039215686	0.823529411764706	0.542999182005329	0.862745098039216	0.517156862745098	0.860294117647059	0.857843137254902	0.850490196078431	0.688725490196079	0.875	0.843137254901961	0.843137254901961	0.86764705882353	0.786764705882353	0.794117647058824	0.82403448964829	0.877450980392157	0.882352941176471	0.884803921568628	0.590686274509804	0.852941176470588	0.760269916044553	0.909313725490196	0.91421568627451	0.818627450980392	0.865726710850733	0.57954245698336	0.571078431372549	0.816677038847858	1	0.836020820924932	0.791666666666667	0.838235294117647	0.80441462084714	0.843137254901961	0.8342642486855
Povalibacter	0.850817649613869	0.726277674815317	0.849584580556457	0.879178237934331	0.760803608422836	0.664624221944747	0.747239848791311	0.628865219279816	0.855749925843514	0.541412869688027	0.853283787728692	0.456235551242219	0.81629171600635	0.902606550025148	0.763269746537659	0.614068390590879	0.79902874920259	0.786698058628476	0.8434192352694	0.785464989571064	0.739841434446842	0.771901229939539	0.824812219459328	0.685586395920741	0.86068220207316	0.868080616417628	0.635030564566873	0.836020820924932	0.642206073640359	0.840953097154578	0.850817649613869	0.844652304326812	0.92536898219072	0.531017369727047	0.692984810265209	0.687240697440308	0.836020820924932	1	0.606669976246411	0.834787751867521	0.776076119730617	0.778066575226596	0.828710266832789
Pedomicrobium	0.818627450980392	0.600490196078431	0.754901960784314	0.838235294117647	0.79656862745098	0.894607843137255	0.642156862745098	0.899509803921569	0.727941176470588	0.70516183364493	0.767156862745098	0.752450980392157	0.654411764705882	0.651960784313726	0.74264705882353	0.759803921568628	0.823529411764706	0.82843137254902	0.637254901960784	0.872549019607843	0.656862745098039	0.79656862745098	0.755364948844266	0.889705882352941	0.688725490196079	0.740196078431373	0.67156862745098	0.683823529411765	0.951563636855763	0.757352941176471	0.727941176470588	0.656862745098039	0.700184067841032	0.776833506169185	0.465686274509804	0.647455670437942	0.791666666666667	0.606669976246411	1	0.629901960784314	0.719803936642182	0.644607843137255	0.640103650267704
Variibacter	0.764705882352941	0.774509803921569	0.752450980392157	0.786764705882353	0.715686274509804	0.573529411764706	0.862745098039216	0.487745098039216	0.759803921568628	0.454546826565547	0.872549019607843	0.281862745098039	0.843137254901961	0.865196078431373	0.875	0.519607843137255	0.732843137254902	0.727941176470588	0.875	0.759803921568628	0.862745098039216	0.74264705882353	0.822808247848218	0.786764705882353	0.95343137254902	0.794117647058824	0.436274509803922	0.857843137254902	0.654813121238373	0.754901960784314	0.862745098039216	0.784313725490196	0.933170009854685	0.477197725218213	0.634803921568628	0.667075539239092	0.838235294117647	0.834787751867521	0.629901960784314	1	0.805640862647212	0.921568627450981	0.885622858589562
Pedobacter	0.884120337851811	0.806867104447284	0.83752314944908	0.849785567449799	0.826486973248433	0.660944330238732	0.833844424048864	0.705089035041319	0.827713215048505	0.518747040421402	0.827713215048505	0.445125773426085	0.714898969441894	0.839975633049224	0.767627366844984	0.555487535432552	0.73819756364326	0.773758575845343	0.779889784845703	0.821582006048146	0.87063167805102	0.717351453042038	0.777300613496933	0.740650047243403	0.76517488324484	0.919681350053895	0.499080412629247	0.73819756364326	0.730674846625767	0.853464292850014	0.844880600249511	0.814224555247715	0.78159509202454	0.582982458780153	0.673206748239451	0.63680981595092	0.80441462084714	0.776076119730617	0.719803936642182	0.805640862647212	1	0.733292596442972	0.680605584556212
Chelativorans	0.803921568627451	0.754901960784314	0.776960784313726	0.764705882352941	0.696078431372549	0.553921568627451	0.830882352941177	0.443627450980392	0.769607843137255	0.528257122765365	0.860294117647059	0.33578431372549	0.889705882352941	0.850490196078431	0.875	0.53921568627451	0.799019607843137	0.681372549019608	0.82843137254902	0.75	0.813725490196079	0.779411764705882	0.855916776450158	0.816176470588235	0.95343137254902	0.75	0.45343137254902	0.91421568627451	0.616799625436145	0.754901960784314	0.899509803921569	0.779411764705882	0.900061481252745	0.516655935055378	0.637254901960784	0.760269916044553	0.843137254901961	0.778066575226596	0.644607843137255	0.921568627450981	0.733292596442972	1	0.884370209567512
Chelatococcus	0.745326168119929	0.720273187678923	0.822990407487047	0.830506301619349	0.726536432789174	0.537386430459579	0.860569878148556	0.50231225784217	0.727789081811225	0.483456271034841	0.869338421302909	0.4183847733648	0.924454978273122	0.784158287803488	0.848043387928053	0.642608948311804	0.865580474236758	0.760357956384532	0.943244713603876	0.774137095627086	0.83301159966345	0.810463917266544	0.89870019176207	0.858064580104456	0.896896699788015	0.786663585847589	0.489785767621667	0.776642393671186	0.65491053025897	0.796684778023991	0.926960276317222	0.904412593920317	0.904967278176031	0.391983107201517	0.685199015061514	0.726982024019527	0.8342642486855	0.828710266832789	0.640103650267704	0.885622858589562	0.680605584556212	0.884370209567512	1
