g__Mycosphaerella	Caulobacter	g__Bipolaris	g__Didymella	Reyranella	Mucilaginibacter
g__Mycosphaerella	1	0.705882352941177	0.725490196078431	0.950980392156863	0.218137254901961	0.70062273082833
Caulobacter	0.705882352941177	1	0.610294117647059	0.708333333333333	0.575980392156863	0.889047783437464
g__Bipolaris	0.725490196078431	0.610294117647059	1	0.75	0.629901960784314	0.61835263743561
g__Didymella	0.950980392156863	0.708333333333333	0.75	1	0.235294117647059	0.690007234906689
Reyranella	0.218137254901961	0.575980392156863	0.629901960784314	0.235294117647059	1	0.594467771611917
Mucilaginibacter	0.70062273082833	0.889047783437464	0.61835263743561	0.690007234906689	0.594467771611917	1
